0.001959683658834821	0.0
0.0058790509765044635	0.0
0.009798418294174105	0.0
0.013717785611843749	0.0
0.01763715292951339	0.0
0.021556520247183034	0.0
0.025475887564852674	0.0
0.029395254882522318	0.0
0.03331462220019196	0.0
0.037233989517861596	0.0
0.04115335683553124	0.0
0.04507272415320089	0.0
0.048992091470870525	0.0
0.05291145878854017	0.0
0.05683082610620982	0.0
0.06075019342387945	0.0
0.0646695607415491	0.0
0.06858892805921873	0.0
0.07250829537688838	0.0
0.07642766269455803	0.0
0.08034703001222766	0.0
0.08426639732989731	0.0
0.08818576464756694	0.0
0.09210513196523659	0.0
0.09602449928290624	0.0
0.09994386660057589	0.0
0.10386323391824552	0.0
0.10778260123591517	0.0
0.1117019685535848	0.0
0.11562133587125445	0.0
0.1195407031889241	0.0
0.12346007050659373	0.0
0.12737943782426336	0.0
0.13129880514193304	0.0
0.13521817245960266	0.0
0.13913753977727228	0.0
0.14305690709494195	0.0
0.14697627441261157	0.0
0.15089564173028125	0.0
0.15481500904795087	0.0
0.1587343763656205	0.0
0.16265374368329016	0.0
0.16657311100095978	0.0
0.17049247831862946	0.0
0.17441184563629908	0.0
0.17833121295396873	0.0
0.18225058027163837	0.0
0.186169947589308	0.0
0.19008931490697767	0.0
0.1940086822246473	0.0
0.19792804954231694	0.0
0.20184741685998658	0.0
0.2057667841776562	0.0
0.20968615149532588	0.0
0.2136055188129955	0.0
0.21752488613066517	0.0
0.2214442534483348	0.0
0.2253636207660044	0.0
0.2292829880836741	0.0
0.2332023554013437	0.0
0.23712172271901338	0.0
0.241041090036683	0.0
0.24496045735435262	0.0
0.2488798246720223	0.0
0.2527991919896919	0.0
0.25671855930736154	0.0
0.2606379266250312	0.0
0.2645572939427009	0.0
0.2684766612603705	0.0
0.27239602857804013	0.0
0.27631539589570975	0.0
0.2802347632133794	0.0
0.2841541305310491	0.0
0.2880734978487187	0.0
0.29199286516638834	0.0
0.29591223248405796	0.0
0.29983159980172763	0.0
0.3037509671193973	0.0
0.30767033443706693	0.0
0.31158970175473655	0.0
0.31550906907240617	0.0
0.31942843639007584	0.0
0.3233478037077455	0.0
0.32726717102541514	0.0
0.33118653834308476	0.0
0.33510590566075443	0.0
0.33902527297842405	0.0
0.34294464029609373	0.0
0.34686400761376335	0.0
0.35078337493143297	0.0
0.35470274224910264	0.0
0.35862210956677226	0.0
0.36254147688444194	0.0
0.36646084420211156	0.0
0.3703802115197812	0.0
0.37429957883745085	0.0
0.3782189461551205	0.0
0.38213831347279015	0.0
0.38605768079045977	0.0
0.3899770481081294	0.0
0.39389641542579906	0.0
0.3978157827434687	0.0
0.40173515006113836	0.0
0.405654517378808	0.0
0.4095738846964776	0.0
0.4134932520141473	0.0
0.4174126193318169	0.0
0.42133198664948657	0.0
0.4252513539671562	0.0
0.4291707212848258	0.0
0.4330900886024955	0.0
0.43700945592016516	0.0
0.4409288232378348	0.0
0.4448481905555044	0.0
0.448767557873174	0.0
0.4526869251908437	0.0
0.45660629250851337	0.0
0.460525659826183	0.0
0.4644450271438526	0.0
0.4683643944615222	0.0
0.4722837617791919	0.0
0.4762031290968616	0.0
0.4801224964145312	0.0
0.4840418637322008	0.0
0.48796123104987044	0.0
0.4918805983675401	0.0
0.4957999656852098	0.0
0.4997193330028794	0.0
0.503638700320549	0.0
0.5075580676382186	0.0
0.5114774349558884	0.0
0.515396802273558	0.0
0.5193161695912276	0.0
0.5232355369088972	0.0
0.5271549042265669	0.0
0.5310742715442365	0.0
0.5349936388619062	0.0
0.5389130061795758	0.0
0.5428323734972454	0.0
0.5467517408149151	0.0
0.5506711081325848	0.0
0.5545904754502544	0.0
0.558509842767924	0.0
0.5624292100855937	0.0
0.5663485774032633	0.0
0.5702679447209329	0.0
0.5741873120386026	0.0
0.5781066793562722	0.0
0.5820260466739419	0.0
0.5859454139916115	0.0
0.5898647813092812	0.0
0.5937841486269508	0.0
0.5977035159446205	0.0
0.6016228832622901	0.0
0.6055422505799597	0.0
0.6094616178976293	0.0
0.613380985215299	0.0
0.6173003525329687	0.0
0.6212197198506383	0.0
0.6251390871683079	0.0
0.6290584544859776	0.0
0.6329778218036473	0.0
0.6368971891213169	0.0
0.6408165564389865	0.0
0.6447359237566561	0.0
0.6486552910743258	0.0
0.6525746583919955	0.0
0.6564940257096651	0.0
0.6604133930273347	0.0
0.6643327603450044	0.0
0.6682521276626741	0.0
0.6721714949803437	0.0
0.6760908622980133	0.0
0.6800102296156829	0.0
0.6839295969333525	0.0
0.6878489642510223	0.0
0.6917683315686919	0.0
0.6956876988863615	0.0
0.6996070662040311	0.0
0.7035264335217009	0.0
0.7074458008393705	0.0
0.7113651681570401	0.0
0.7152845354747097	0.0
0.7192039027923793	0.0
0.723123270110049	0.0
0.7270426374277187	0.0
0.7309620047453883	0.0
0.7348813720630579	0.0
0.7388007393807275	0.0
0.7427201066983973	0.0
0.7466394740160669	0.0
0.7505588413337365	0.0
0.7544782086514061	0.0
0.7583975759690758	0.0
0.7623169432867454	0.0
0.7662363106044151	0.0
0.7701556779220847	0.0
0.7740750452397543	0.0
0.777994412557424	0.0
0.7819137798750937	0.0
0.7858331471927633	0.0
0.7897525145104329	0.0
0.7936718818281026	0.0
0.7975912491457722	0.0
0.8015106164634418	0.0
0.8054299837811115	0.0
0.8093493510987811	0.0
0.8132687184164508	0.0
0.8171880857341204	0.0
0.8211074530517901	0.0
0.8250268203694597	0.0
0.8289461876871294	0.0
0.832865555004799	0.0
0.8367849223224686	0.0
0.8407042896401382	0.0
0.844623656957808	0.0
0.8485430242754776	0.0
0.8524623915931472	0.0
0.8563817589108168	0.0
0.8603011262284865	0.0
0.8642204935461562	0.0
0.8681398608638258	0.0
0.8720592281814954	0.0
0.875978595499165	0.0
0.8798979628168347	0.0
0.8838173301345044	0.0
0.887736697452174	0.0
0.8916560647698436	0.0
0.8955754320875133	0.0
0.899494799405183	0.0
0.9034141667228526	0.0
0.9073335340405222	0.0
0.9112529013581918	0.0
0.9151722686758614	0.0
0.9190916359935312	0.0
0.9230110033112008	0.0
0.9269303706288704	0.011661238868209363
0.93084973794654	0.011563245843368314
0.9347691052642098	0.017199724270297156
0.9386884725818794	0.00568546468921304
0.942607839899549	0.03382969608927345
0.9465272072172186	0.022366742281332324
0.9504465745348882	0.055456637277417634
0.9543659418525579	0.07700290812517947
0.9582853091702276	0.10910616637405492
0.9622046764878972	0.16232869391538154
0.9661240438055668	0.1663814420376572
0.9700434111232364	0.29281230623851595
0.9739627784409062	0.2957415112753118
0.9778821457585758	0.3824360393811355
0.9818015130762454	0.3793887564499858
0.985720880393915	0.5619886958642196
0.9896402477115847	0.6854236713252996
0.9935596150292543	0.7967476568542569
0.997478982346924	0.8760940870979892
1.0013983496645937	1.0041332013525124
1.0053177169822631	1.2887708131543392
1.009237084299933	1.3476377976791667
1.0131564516176024	1.3957962580711942
1.0170758189352722	1.6659455923862194
1.0209951862529418	1.5666761949009849
1.0249145535706115	1.8122466850117054
1.0288339208882813	1.9073198932915993
1.0327532882059507	2.1230210854278897
1.0366726555236205	2.29811989388249
1.04059202284129	2.489031222537539
1.0445113901589598	2.75048650922716
1.0484307574766292	2.488411485844329
1.052350124794299	2.822754709428684
1.0562694921119684	2.83327647050776
1.0601888594296383	2.794538777731681
1.064108226747308	3.101383643977731
1.0680275940649775	2.973259403677738
1.0719469613826473	2.9864349494060547
1.0758663287003167	3.198430318588822
1.0797856960179866	3.0506493995238166
1.083705063335656	3.1779214702077274
1.0876244306533258	2.951779866944129
1.0915437979709952	3.182897454660755
1.095463165288665	3.2227813790281186
1.0993825326063347	3.154249905013872
1.1033018999240043	3.189496136820614
1.1072212672416741	3.056622974742948
1.1111406345593435	2.8241014637391424
1.1150600018770134	3.090352418137203
1.1189793691946828	2.9967242453478726
1.1228987365123526	2.7493753460373496
1.126818103830022	2.824974418641333
1.1307374711476919	2.899461076410653
1.1346568384653613	2.786076822730997
1.138576205783031	2.6896400955575333
1.142495573100701	2.6942457165567415
1.1464149404183703	2.8626312384337016
1.1503343077360402	2.642508691161344
1.1542536750537096	2.6057926341988527
1.1581730423713794	2.4537347739327595
1.1620924096890488	2.6189820811044338
1.1660117770067187	2.4355931474241963
1.169931144324388	2.3351201673719695
1.173850511642058	2.1595836017538694
1.1777698789597275	2.141622756528757
1.1816892462773971	2.267355821026169
1.185608613595067	2.0563748927376286
1.1895279809127364	1.9295513984936385
1.1934473482304062	2.096278154428329
1.1973667155480756	1.8973814297858371
1.2012860828657455	1.7392179778425236
1.2052054501834149	1.7175775417612114
1.2091248175010847	1.7133138292719337
1.213044184818754	1.848654609919469
1.216963552136424	1.8198530643715303
1.2208829194540938	1.5830041929868135
1.2248022867717632	1.6697337417686977
1.228721654089433	1.6325529545790256
1.2326410214071024	1.6452674784334886
1.2365603887247723	1.592263030073746
1.2404797560424417	1.3152587756117784
1.2443991233601115	1.6207929562673624
1.248318490677781	1.359874312844502
1.2522378579954507	1.380127788400946
1.2561572253131204	1.2889831690865965
1.26007659263079	1.334614059941353
1.2639959599484598	1.2260116711838929
1.2679153272661292	1.1748165810685485
1.271834694583799	1.2357220117207908
1.2757540619014685	1.181970207697413
1.2796734292191383	1.2114517126799957
1.2835927965368077	1.1858214283599253
1.2875121638544775	1.103060706537488
1.2914315311721472	1.0272888346450917
1.2953508984898168	1.0001823378633938
1.2992702658074866	1.0802185275380116
1.303189633125156	1.0412828409110284
1.3071090004428259	1.0262511941982884
1.3110283677604953	1.1279660555555544
1.314947735078165	0.9850792692592203
1.3188671023958345	0.8841899042371096
1.3227864697135043	0.9247669140041319
1.3267058370311737	0.8993879275813157
1.3306252043488436	0.8940974256604328
1.3345445716665134	0.8382225738439227
1.3384639389841828	0.8500989706147718
1.3423833063018527	0.8646026491788608
1.346302673619522	0.8540480844744001
1.350222040937192	0.8655844172247291
1.3541414082548613	0.8223330062592998
1.3580607755725311	0.8447559176105
1.3619801428902005	0.7939900241539588
1.3658995102078704	0.7921251204434698
1.36981887752554	0.7128435723527895
1.3737382448432096	0.7539102256360465
1.3776576121608795	0.7707429002065642
1.3815769794785489	0.7401303398888294
1.3854963467962187	0.6263394244246179
1.389415714113888	0.6409760748322041
1.393335081431558	0.6605992888957577
1.3972544487492273	0.713350673849414
1.4011738160668972	0.7246755313857395
1.4050931833845666	0.6749640905032549
1.4090125507022364	0.6964479199602658
1.4129319180199063	0.6700050526500418
1.4168512853375756	0.706231668956032
1.4207706526552455	0.6626322930458776
1.424690019972915	0.6787365280911017
1.4286093872905847	0.6038337765708343
1.4325287546082541	0.5785633852167864
1.436448121925924	0.6968050706781015
1.4403674892435934	0.594015510810014
1.4442868565612632	0.6172136262980165
1.4482062238789328	0.5876024387727722
1.4521255911966024	0.5844347783312731
1.4560449585142723	0.6285522295907542
1.4599643258319417	0.566424279140312
1.4638836931496115	0.584434937279707
1.467803060467281	0.6045706766899164
1.4717224277849508	0.5712871386794884
1.4756417951026202	0.5705570781850712
1.47956116242029	0.588134411430631
1.4834805297379594	0.6328348807043508
1.4873998970556292	0.5706296869990233
1.491319264373299	0.5676342624677063
1.4952386316909685	0.5377736782294046
1.4991579990086383	0.608523218697209
1.5030773663263077	0.5698752211279441
1.5069967336439776	0.5823560971965239
1.510916100961647	0.5551996017407295
1.5148354682793168	0.5676122272110806
1.5187548355969862	0.5407958191283603
1.522674202914656	0.5769080624037989
1.526593570232326	0.5954458044477251
1.5305129375499953	0.5432116005011368
1.5344323048676651	0.5702281568133404
1.5383516721853345	0.5228715706777394
1.5422710395030044	0.4907313991651382
1.5461904068206738	0.5364427135910161
1.5501097741383436	0.5066297628650699
1.554029141456013	0.5517885142240107
1.5579485087736828	0.5572715888599521
1.5618678760913525	0.5976043398033156
1.565787243409022	0.5639659983477706
1.569706610726692	0.5448878958718699
1.5736259780443613	0.5037390936171976
1.5775453453620312	0.5173432220559477
1.5814647126797006	0.5368155982889045
1.5853840799973704	0.5760208487011822
1.5893034473150398	0.5791333131191624
1.5932228146327096	0.528921362728749
1.597142181950379	0.5224007906615374
1.601061549268049	0.5902014027763959
1.6049809165857187	0.606770138102891
1.6089002839033881	0.47802218053603934
1.612819651221058	0.583553084177449
1.6167390185387274	0.6094760364305295
1.6206583858563972	0.577921727006681
1.6245777531740666	0.5960161128141775
1.6284971204917364	0.5893726266082191
1.6324164878094058	0.6279049109226155
1.6363358551270757	0.5294816350509356
1.6402552224447453	0.5753670420401062
1.644174589762415	0.5837461790107226
1.6480939570800848	0.632615091534115
1.6520133243977542	0.611260742904479
1.655932691715424	0.6193322594969242
1.6598520590330934	0.6636872375089019
1.6637714263507632	0.6533249515920204
1.6676907936684326	0.6124310785080285
1.6716101609861025	0.6472120059951549
1.6755295283037719	0.6227742162430784
1.6794488956214417	0.591452697582819
1.6833682629391116	0.6488094469584132
1.687287630256781	0.6933098143291485
1.6912069975744508	0.674336345635468
1.6951263648921202	0.7252680509093298
1.69904573220979	0.6490390675491605
1.7029650995274594	0.6840582195717191
1.7068844668451293	0.6413719395653114
1.7108038341627987	0.6726691297006286
1.7147232014804685	0.6593747225960731
1.7186425687981381	0.7360850189843348
1.7225619361158078	0.7563759316261319
1.7264813034334776	0.7344581561111984
1.730400670751147	0.7461925182786864
1.7343200380688168	0.7628099971681083
1.7382394053864862	0.7494257919413428
1.742158772704156	0.7757678498985241
1.7460781400218255	0.7870775903692743
1.7499975073394953	0.7819201800242697
1.753916874657165	0.8272848768590096
1.7578362419748346	0.757128229135049
1.7617556092925044	0.760219436354768
1.7656749766101738	0.7954136929171675
1.7695943439278436	0.878282623863806
1.773513711245513	0.8329942011129909
1.7774330785631829	0.8261532155865763
1.7813524458808523	0.7830533632539821
1.7852718131985221	0.8723558526790207
1.7891911805161915	0.9076614471213647
1.7931105478338614	0.8413738755470296
1.7970299151515312	0.892003637864452
1.8009492824692006	0.9545416991164004
1.8048686497868704	0.9165674984225275
1.8087880171045398	0.8957563972800642
1.8127073844222097	0.9589691477687944
1.816626751739879	0.9001868842933063
1.820546119057549	0.9461943749151919
1.8244654863752183	0.9376184445113291
1.8283848536928882	0.9890496785130025
1.8323042210105578	0.962440636546766
1.8362235883282274	0.9598222112134022
1.8401429556458972	1.010478271733618
1.8440623229635666	0.9796701134413973
1.8479816902812365	1.0180604041071657
1.8519010575989059	1.0108342291680328
1.8558204249165757	0.9760229396999719
1.8597397922342451	1.047233040976128
1.863659159551915	1.0413905394672782
1.8675785268695844	1.0858590597812965
1.8714978941872542	1.0641519814409401
1.875417261504924	1.143744809109993
1.8793366288225934	1.0822430127649194
1.8832559961402633	1.1511934264436507
1.8871753634579327	1.0957774319540272
1.8910947307756025	1.196301680801279
1.895014098093272	1.0741755096083923
1.8989334654109418	1.1364313865006777
1.9028528327286112	1.1608095485359577
1.906772200046281	1.0967934764189253
1.9106915673639506	1.1005318327247762
1.9146109346816202	1.1739281291155943
1.91853030199929	1.122861104455957
1.9224496693169595	1.2091058253553315
1.9263690366346293	1.1798909541065385
1.9302884039522987	1.1670373066492161
1.9342077712699686	1.1743640926693963
1.938127138587638	1.190957742286564
1.9420465059053078	1.2074080060017724
1.9459658732229772	1.2276850202805145
1.949885240540647	1.2069430835479973
1.9538046078583169	1.192919245974463
1.9577239751759863	1.130635481508467
1.9616433424936561	1.2406869825493085
1.9655627098113255	1.2033268039172593
1.9694820771289954	1.314780140524252
1.9734014444466648	1.2928394692570944
1.9773208117643346	1.2415920604375457
1.981240179082004	1.2749720368948771
1.9851595463996738	1.2686713541573933
1.9890789137173435	1.2801373086347536
1.992998281035013	1.2385315277338977
1.996917648352683	1.2437248494006767
2.0008370156703523	1.2376056772414732
2.004756382988022	1.2801376248251561
2.0086757503056916	1.2267235434315604
2.0125951176233614	1.2825531046881302
2.0165144849410312	1.3132999956311624
2.0204338522587006	1.2443945850309939
2.02435321957637	1.254250279405788
2.02827258689404	1.3115126774094499
2.0321919542117097	1.2373146319566608
2.036111321529379	1.2712241506321853
2.0400306888470485	1.2711592145031207
2.043950056164719	1.3202500524607168
2.047869423482388	1.2041080033282614
2.0517887908000576	1.2828116335697086
2.0557081581177274	1.3229721777749295
2.0596275254353973	1.2825133264541737
2.0635468927530667	1.3094107913260005
2.067466260070736	1.3091389614839257
2.071385627388406	1.3006867346727016
2.0753049947060758	1.3155524871599282
2.079224362023745	1.2851039963063684
2.0831437293414146	1.2560295662450203
2.087063096659085	1.2513165152517078
2.0909824639767542	1.3508977037272145
2.0949018312944236	1.2739321028126942
2.0988211986120935	1.2509825209470815
2.1027405659297633	1.3460292434497165
2.1066599332474327	1.231530923009866
2.110579300565102	1.2651983457986435
2.114498667882772	1.2941260962022398
2.118418035200442	1.317249735044663
2.122337402518111	1.2845841878893138
2.126256769835781	1.2754203692651966
2.130176137153451	1.3126842313445886
2.1340955044711203	1.2440686543880553
2.1380148717887897	1.2581426639345685
2.1419342391064595	1.1902102258302951
2.1458536064241294	1.1771627911309395
2.1497729737417988	1.2845251128555188
2.153692341059468	1.2647334782375417
2.157611708377138	1.3311670730616891
2.161531075694808	1.3027550292880137
2.1654504430124772	1.1997553798328064
2.169369810330147	1.2592936374740842
2.173289177647817	1.2155113878361277
2.1772085449654863	1.2671515883731304
2.1811279122831557	1.1888884851623849
2.1850472796008256	1.2811601956353904
2.1889666469184954	1.2588026515340396
2.192886014236165	1.2647247642315285
2.196805381553834	1.225959664424844
2.2007247488715045	1.1926343244833966
2.204644116189174	1.1925204191091334
2.2085634835068433	1.1472098082809041
2.212482850824513	1.1748746007124846
2.216402218142183	1.1503272317799789
2.2203215854598524	1.104605588126174
2.2242409527775218	1.1280568310424086
2.2281603200951916	1.1190464894954568
2.2320796874128614	1.1493076435627922
2.235999054730531	1.1312541000963787
2.2399184220482002	1.1522609968380622
2.2438377893658705	1.1154038859516058
2.24775715668354	1.0996189731556658
2.2516765240012093	1.080972832838356
2.255595891318879	1.1057746363320071
2.259515258636549	1.0656356134245952
2.2634346259542184	1.0384798260041432
2.267353993271888	1.0787440646613287
2.2712733605895576	1.0390930076968965
2.2751927279072275	1.0732592091383315
2.279112095224897	1.084037732516284
2.2830314625425667	1.048601362250023
2.2869508298602366	1.1005653480536315
2.290870197177906	1.0423921555996887
2.2947895644955754	1.0531042114124773
2.298708931813245	0.9347993675022174
2.302628299130915	1.040277260402813
2.3065476664485844	0.997196060899411
2.310467033766254	1.0135231327597405
2.314386401083924	0.9689413293696822
2.3183057684015935	0.990834902143375
2.322225135719263	1.0283677332385903
2.3261445030369328	0.9526896750161041
2.3300638703546026	0.9227282408172965
2.333983237672272	0.959176009365245
2.3379026049899414	0.934882019424215
2.3418219723076112	0.8696383048513049
2.345741339625281	0.918629501973347
2.3496607069429505	0.9291784184626258
2.35358007426062	0.9613571788924573
2.35749944157829	0.9563605510049736
2.3614188088959596	0.9271353241388217
2.365338176213629	0.9052616872075756
2.369257543531299	0.9156558710591913
2.3731769108489686	0.9455456563268856
2.377096278166638	0.8670712355043098
2.3810156454843074	0.9393300909644632
2.3849350128019773	0.8605001173489031
2.388854380119647	0.8998165590796027
2.3927737474373165	0.824246481970121
2.3966931147549864	0.8913238126563542
2.400612482072656	0.8640755867014636
2.4045318493903256	0.8621274705051649
2.408451216707995	0.9085514013493595
2.412370584025665	0.8711680422751745
2.4162899513433347	0.8820729227520658
2.420209318661004	0.8544154688708071
2.4241286859786735	0.8576223911423622
2.4280480532963433	0.8268138779531288
2.431967420614013	0.8859835366676673
2.4358867879316826	0.8780689351466638
2.4398061552493524	0.8516856710080721
2.4437255225670222	0.791911443215416
2.4476448898846916	0.8236617254571954
2.451564257202361	0.8101942887437267
2.455483624520031	0.8549697812503693
2.4594029918377007	0.8166331317386991
2.46332235915537	0.8148621210519233
2.4672417264730395	0.7711265633357899
2.47116109379071	0.8293894672401843
2.475080461108379	0.7956895836817567
2.4789998284260486	0.8396411360899606
2.4829191957437184	0.816677077885309
2.4868385630613883	0.8262556876825965
2.4907579303790577	0.7824745314260416
2.494677297696727	0.7848476160092493
2.498596665014397	0.7783750382079833
2.5025160323320668	0.8295345851829489
2.506435399649736	0.7814883759718517
2.5103547669674056	0.7981288130950427
2.514274134285076	0.77186825624338
2.5181935016027452	0.8065977820247131
2.5221128689204146	0.831657218429347
2.5260322362380845	0.779616372497264
2.5299516035557543	0.8304250415273877
2.5338709708734237	0.7880646770213279
2.537790338191093	0.8105237035180218
2.541709705508763	0.8025977463810665
2.545629072826433	0.7885321556919676
2.549548440144102	0.8207909390605741
2.553467807461772	0.7952232287613554
2.557387174779442	0.7736381715020484
2.5613065420971113	0.8361813629524598
2.5652259094147807	0.8267764012713898
2.5691452767324505	0.8508201550887119
2.5730646440501204	0.7982897405673337
2.5769840113677898	0.8124595319920811
2.580903378685459	0.8543667187141247
2.5848227460031294	0.8322828177924205
2.588742113320799	0.8073384967531914
2.5926614806384682	0.8265124491966044
2.596580847956138	0.8730591172389011
2.600500215273808	0.8030174422414026
2.6044195825914773	0.8168507412712578
2.6083389499091467	0.8445878891121469
2.6122583172268166	0.8251702374886315
2.6161776845444864	0.8563688733304472
2.620097051862156	0.8114831682001659
2.624016419179825	0.8563530570889895
2.6279357864974955	0.879189733316877
2.631855153815165	0.8613849513827228
2.6357745211328343	0.8480086796211105
2.639693888450504	0.8764074461373347
2.643613255768174	0.885996724325168
2.6475326230858434	0.8326313760453368
2.6514519904035128	0.8821909470510108
2.6553713577211826	0.8973509060658584
2.6592907250388524	0.9081673318584548
2.663210092356522	0.9288046592977597
2.6671294596741917	0.8795969893138331
2.6710488269918615	0.8699957702244178
2.674968194309531	0.9066548985621736
2.6788875616272003	0.885155905754859
2.68280692894487	0.9201573637714701
2.68672629626254	0.9077586202851625
2.6906456635802094	0.9023480091809323
2.694565030897879	0.9252539105976735
2.6984843982155486	0.9101846598867621
2.7024037655332185	0.9349854912972397
2.706323132850888	0.9008157405147877
2.7102425001685577	0.9323129206800062
2.7141618674862276	0.9411830390946339
2.718081234803897	0.93033366874963
2.7220006021215664	0.9858040132321744
2.725919969439236	0.9391487958358413
2.729839336756906	0.9640165021094664
2.7337587040745754	0.9625949405446587
2.737678071392245	0.9431304173575774
2.741597438709915	0.9504333061541284
2.7455168060275845	0.9736411143360358
2.749436173345254	1.006653441534248
2.7533555406629238	1.0031287419222192
2.7572749079805936	0.973921134783162
2.761194275298263	1.0066403405801116
2.7651136426159324	0.9684070851582682
2.7690330099336022	1.0055226273433293
2.772952377251272	0.9850912545752688
2.7768717445689415	0.9907582456445134
2.7807911118866113	0.9970372436596859
2.784710479204281	1.0052150668673334
2.7886298465219506	1.0062566934853119
2.79254921383962	1.0027916925274438
2.79646858115729	1.0288099314585086
2.8003879484749596	1.0208216469641553
2.804307315792629	1.0574659062782403
2.8082266831102984	1.0418111978910816
2.8121460504279683	1.0123030070186303
2.816065417745638	1.0176994936073895
2.8199847850633075	1.0570801631968842
2.8239041523809774	1.0610582894219394
2.827823519698647	1.040577725303032
2.8317428870163166	1.1020478246823984
2.835662254333986	1.0497850850957757
2.839581621651656	1.0779540873695597
2.8435009889693257	1.1090618378001231
2.847420356286995	1.0429866978125328
2.8513397236046645	1.0832543459824282
2.8552590909223348	1.101789786549564
2.859178458240004	1.1061249254016194
2.8630978255576736	1.1177658326258921
2.8670171928753434	1.0708303359588276
2.8709365601930132	1.051497902419094
2.8748559275106826	1.0722724859669566
2.878775294828352	1.0669367525340285
2.882694662146022	1.0194262669726755
2.8866140294636917	1.1104498746347913
2.890533396781361	1.1098388824548688
2.8944527640990305	1.1205884812132227
2.898372131416701	1.1276978152299353
2.90229149873437	1.1163277326667258
2.9062108660520396	1.1079805289081244
2.9101302333697094	1.168884478374317
2.9140496006873793	1.1185462724420707
2.9179689680050487	1.0802414570620968
2.921888335322718	1.1225281541894754
2.925807702640388	1.1177670707705112
2.9297270699580578	1.126451462698385
2.933646437275727	1.1409064370408253
2.937565804593397	1.0705210489689991
2.941485171911067	1.1110948903033189
2.9454045392287362	1.131238129724253
2.9493239065464056	1.1293853613120253
2.9532432738640755	1.1315592057552766
2.9571626411817453	1.1079382371484274
2.9610820084994147	1.107292619004837
2.965001375817084	1.1471058114286616
2.968920743134754	1.0963381410782318
2.972840110452424	1.1200910837741402
2.976759477770093	1.126189173535227
2.980678845087763	1.138453909012483
2.984598212405433	1.1568366708719273
2.9885175797231023	1.0926644847987699
2.9924369470407717	1.125049312933321
2.9963563143584415	1.1483333082892697
3.0002756816761114	1.0735429119574427
3.0041950489937808	1.0824002014729694
3.00811441631145	1.0873322937410856
3.0120337836291204	1.1226056062314633
3.01595315094679	1.076179916305766
3.0198725182644592	1.1129399369502277
3.023791885582129	1.134712424899863
3.027711252899799	1.0957083547862274
3.0316306202174683	1.087971386022815
3.0355499875351377	1.0987554494435963
3.0394693548528076	1.119241130626039
3.0433887221704774	1.1206871801972662
3.047308089488147	1.0665554692493249
3.0512274568058166	1.128926904872214
3.0551468241234865	1.1636024106236142
3.059066191441156	1.0974522162994238
3.0629855587588253	1.0898396742245422
3.066904926076495	1.1254038033939686
3.070824293394165	1.0768453106681934
3.0747436607118344	1.0905285724537999
3.0786630280295038	1.0724257732016027
3.0825823953471736	1.095006298248673
3.0865017626648434	1.0806580077786863
3.090421129982513	1.0663789364833225
3.0943404973001827	1.0448438028040936
3.0982598646178525	1.1069155669021915
3.102179231935522	1.0916267448574346
3.1060985992531913	1.0504488656272786
3.110017966570861	1.0545361861731246
3.113937333888531	1.1014809056288069
3.1178567012062004	1.0446022491359137
3.12177606852387	1.0589445903583807
3.12569543584154	1.056290595282269
3.1296148031592095	1.0326759296172079
3.133534170476879	1.1311138844012985
3.1374535377945487	1.0702720320239172
3.1413729051122186	1.0879093125970498
3.145292272429888	1.035066817734688
3.1492116397475574	1.0496665508792071
3.153131007065227	1.0777952489159748
3.157050374382897	1.0705971703762425
3.1609697417005664	1.037359586252077
3.164889109018236	1.0562979316600511
3.168808476335906	1.03822052269448
3.1727278436535755	1.0366523620578945
3.176647210971245	1.003316265792583
3.1805665782889148	1.0048068261873124
3.1844859456065846	0.9973949336765006
3.188405312924254	1.0471801425729517
3.1923246802419234	1.0465767020579966
3.1962440475595932	1.0116467154961735
3.200163414877263	1.0199320988519591
3.2040827821949325	1.0574527416731219
3.2080021495126023	0.9949954688303949
3.211921516830272	1.0251039256302983
3.2158408841479416	0.997416974863925
3.219760251465611	1.023018062905406
3.223679618783281	1.0157113416683765
3.2275989861009506	1.0228639265491013
3.23151835341862	1.0347761371553252
3.2354377207362894	1.0011637236921596
3.2393570880539593	0.9958780685366846
3.243276455371629	0.9815661365522619
3.2471958226892985	1.010555208271465
3.2511151900069684	0.9398694080850498
3.255034557324638	1.014677486974279
3.2589539246423076	1.016955220524365
3.262873291959977	0.9683993001153337
3.266792659277647	1.0256939973946413
3.2707120265953167	0.9913927921282526
3.274631393912986	0.9964959275775669
3.2785507612306555	0.9866577891086132
3.2824701285483258	0.9977866010856316
3.286389495865995	0.9671136365486945
3.2903088631836646	0.9675874206146612
3.2942282305013344	1.0049873038933033
3.2981475978190042	0.9763492618134817
3.3020669651366736	0.9905730757740047
3.305986332454343	0.9451398381047317
3.309905699772013	0.9479328562337742
3.3138250670896827	0.9835560520959776
3.317744434407352	0.9807784891439618
3.321663801725022	0.9680223159239466
3.325583169042692	0.9802371231220645
3.329502536360361	1.0027856689321357
3.3334219036780306	0.9729272949529696
3.3373412709957004	0.9544510456804954
3.3412606383133703	0.9558030485058545
3.3451800056310397	0.9450586592801878
3.349099372948709	0.9352551895845813
3.353018740266379	0.9655982436940503
3.3569381075840488	0.9308924896035445
3.360857474901718	0.9646473768873839
3.364776842219388	0.9407197135889918
3.368696209537058	0.9460367186315046
3.3726155768547272	0.9685032093803557
3.3765349441723966	0.9583467762733812
3.3804543114900665	0.9504267579528545
3.3843736788077363	0.9324812352384725
3.3882930461254057	0.9626160477256688
3.392212413443075	0.9259998795940731
3.3961317807607454	0.9738141011927914
3.400051148078415	0.9143681149801487
3.403970515396084	0.9485813084452246
3.407889882713754	0.9261268107844888
3.411809250031424	0.8912922562117122
3.4157286173490933	0.9566608226168111
3.4196479846667627	0.9270517342318709
3.4235673519844325	0.9518576047752279
3.4274867193021024	0.9275070500028617
3.4314060866197718	0.9304950519118125
3.435325453937441	0.913091196250031
3.4392448212551114	0.9309171341479769
3.443164188572781	0.9317569659621435
3.4470835558904502	0.9216288397147048
3.45100292320812	0.9191159591166633
3.45492229052579	0.9447316131270649
3.4588416578434593	0.9337981764748873
3.4627610251611287	0.9074533325882381
3.4666803924787986	0.9291631567131522
3.4705997597964684	0.9112611040551419
3.474519127114138	0.9507037266738426
3.4784384944318076	0.9125411420981312
3.4823578617494775	0.9092488605334947
3.486277229067147	0.9331728718379347
3.4901965963848163	0.905580483790728
3.494115963702486	0.9302215847561613
3.498035331020156	0.9064393581262967
3.5019546983378254	0.9138069528341598
3.5058740656554948	0.9056511702001169
3.509793432973165	0.9251833502557039
3.5137128002908344	0.9182513048841214
3.517632167608504	0.9137770213307731
3.5215515349261737	0.9291145502796582
3.5254709022438435	0.9028659429436481
3.529390269561513	0.9326332671621649
3.5333096368791823	0.9397947555172084
3.537229004196852	0.9597347091203787
3.541148371514522	0.9192590064886648
3.5450677388321914	0.9140385257017385
3.548987106149861	0.9597497364133457
3.552906473467531	0.9365996154006415
3.5568258407852005	0.9301807304556448
3.56074520810287	0.9281341290149719
3.5646645754205397	0.9532975547054259
3.5685839427382096	0.929568526255939
3.572503310055879	0.9043711887801205
3.5764226773735484	0.9611394466058404
3.580342044691218	0.8996338864064549
3.584261412008888	0.941341999573187
3.5881807793265574	0.9416212666957372
3.5921001466442273	0.9465560870106116
3.596019513961897	0.975098884817571
3.5999388812795665	0.9219506020145406
3.603858248597236	0.9523469889646151
3.6077776159149058	0.9610556737941526
3.6116969832325756	0.9770212694805541
3.615616350550245	0.9404146785819212
3.6195357178679144	0.9341728862626509
3.6234550851855842	0.9699275737682868
3.627374452503254	0.9682134353171126
3.6312938198209235	0.9775219761951025
3.6352131871385933	0.9685915119354752
3.639132554456263	0.9335958881565624
3.6430519217739326	0.9723545743271905
3.646971289091602	0.9551994979507684
3.650890656409272	0.9741971844420957
3.6548100237269416	0.9376050096662253
3.658729391044611	0.9864937835538997
3.6626487583622804	1.0142587096787803
3.6665681256799507	0.9699831189892353
3.67048749299762	0.981670985846188
3.6744068603152895	0.9877410204609893
3.6783262276329594	0.9911911351789563
3.682245594950629	0.9979495975413121
3.6861649622682986	0.9563788518346834
3.690084329585968	0.9922426486134919
3.694003696903638	0.949387250265723
3.6979230642213077	0.9891395053570778
3.701842431538977	1.01446403611885
3.7057617988566465	1.0177912888326703
3.7096811661743168	1.0010806106954295
3.713600533491986	1.0105929892747558
3.7175199008096556	0.9917883793511865
3.7214392681273254	0.9868065437556012
3.7253586354449952	0.992672622570734
3.7292780027626646	0.9880656820209532
3.733197370080334	1.0089973766549043
3.737116737398004	0.9860772479604701
3.7410361047156737	0.9954666541229156
3.744955472033343	1.0180311588221433
3.748874839351013	1.0126954960940553
3.752794206668683	1.0393940823259438
3.756713573986352	0.9992444813591274
3.7606329413040216	1.0102693020813984
3.7645523086216914	1.0311439180566744
3.7684716759393613	1.032175006161538
3.7723910432570307	0.9965887652757985
3.7763104105747	1.0043574640181876
3.7802297778923704	1.0709873588283787
3.7841491452100398	1.0190923057108878
3.788068512527709	1.0599262422529994
3.791987879845379	1.0180189413517897
3.795907247163049	1.038169217895056
3.7998266144807182	1.0273546124642225
3.8037459817983876	1.03424097008183
3.8076653491160575	1.0137995505134194
3.8115847164337273	1.0086122654793857
3.8155040837513967	1.0113588268584315
3.819423451069066	1.0611392712545433
3.8233428183867364	1.0363461405308538
3.827262185704406	1.021228445516085
3.831181553022075	1.0607793899378506
3.835100920339745	1.0351103124583882
3.839020287657415	1.0615505969760428
3.8429396549750843	1.0366585866320492
3.8468590222927537	1.0440261026228137
3.8507783896104235	1.057104789705124
3.8546977569280934	1.034052628973
3.8586171242457628	1.0524776913083815
3.8625364915634326	1.0422839523153105
3.8664558588811024	1.0204006196051734
3.870375226198772	1.0614763190830026
3.8742945935164412	1.0583284981064673
3.878213960834111	1.035539623050441
3.882133328151781	1.0347793588531513
3.8860526954694503	1.0234045123616973
3.8899720627871197	1.0167083301988353
3.8938914301047896	1.0506763905791319
3.8978107974224594	1.0538402750685405
3.901730164740129	1.0408646512030157
3.9056495320577986	1.0446881286991974
3.9095688993754685	1.0878250124515159
3.913488266693138	1.0719089564074458
3.9174076340108073	1.0691122462351272
3.921327001328477	1.0484058864700405
3.925246368646147	1.0329823583191462
3.9291657359638164	1.0121018278844287
3.9330851032814858	1.041822912141213
3.937004470599156	1.0736861306034278
3.9409238379168254	1.0502624624663506
3.944843205234495	1.0700672045258146
3.9487625725521647	1.0499522187223966
3.9526819398698345	1.0523600891786007
3.956601307187504	1.0323555906783888
3.9605206745051733	1.0600154964785022
3.964440041822843	1.0231772044743697
3.968359409140513	1.0542413298905497
3.9722787764581824	1.0458121585078495
3.976198143775852	1.0472369543363622
3.980117511093522	1.0255685424461527
3.9840368784111915	1.066475846088387
3.987956245728861	1.0577656366316306
3.9918756130465307	1.0415424313953314
3.9957949803642006	1.0464030003870881
3.99971434768187	1.0571923653135586
4.003633714999539	1.0663748132795081
4.007553082317209	1.0508772155701263
4.011472449634879	1.0587868442774424
4.015391816952548	1.070702819228656
4.019311184270219	1.0481488676824782
4.023230551587888	0.9993732861357724
4.0271499189055575	1.0548838554493298
4.031069286223227	1.0364938173211653
4.034988653540896	1.0332504159665048
4.038908020858567	1.027867937168717
4.042827388176236	1.0574460748578454
4.046746755493905	1.0193010490324061
4.050666122811576	1.0374806650827169
4.054585490129245	1.0324285623452498
4.0585048574469145	1.0337810272996688
4.062424224764584	1.0418045879662277
4.066343592082254	1.0531279920517425
4.0702629593999236	0.9921351311811026
4.074182326717593	1.0391198352157853
4.078101694035263	1.057004408724422
4.082021061352933	1.0447535608701872
4.085940428670602	1.0466511349478793
4.089859795988271	1.0539304683873414
4.093779163305942	1.010661872209987
4.097698530623611	1.0176800127129872
4.1016178979412805	0.9945934652233503
4.105537265258951	1.0295499459334083
4.10945663257662	1.042419405860617
4.11337599989429	1.016747247038743
4.117295367211959	1.0216093671096196
4.121214734529628	0.9907613360109666
4.125134101847299	0.9983002529089934
4.129053469164968	1.0146239251397107
4.132972836482638	1.028244379073922
4.136892203800308	1.0339078200882799
4.140811571117977	1.0050716902119272
4.1447309384356466	1.0197940668011554
4.148650305753316	0.9771184579839666
4.152569673070986	1.0089751311141817
4.156489040388656	0.9853252897182726
4.160408407706325	1.005176640154923
4.164327775023995	1.0021299075066752
4.168247142341665	1.0091846982699646
4.172166509659334	0.994338651086043
4.1760858769770035	0.9993672698445948
4.180005244294674	1.0023682585064841
4.183924611612343	1.012510795638555
4.187843978930013	1.0174719925990963
4.191763346247683	1.0118637158470813
4.195682713565352	0.993468512740239
4.199602080883022	0.9930352722015959
4.203521448200691	0.9923183997960668
4.2074408155183605	0.9655672491168689
4.211360182836031	1.0021860960318172
4.2152795501537	0.993838675985315
4.21919891747137	0.9984656870883271
4.22311828478904	0.9954896691376093
4.227037652106709	0.9706538167578012
4.230957019424379	0.9943230705241505
4.234876386742048	0.986338027127477
4.238795754059718	0.9825631091573499
4.242715121377388	0.9852014767267496
4.246634488695058	1.0019958278995866
4.250553856012727	1.0134582697952748
4.254473223330397	1.0162969431102313
4.258392590648066	0.9699491583770318
4.262311957965736	0.9896748399220263
4.266231325283406	0.995564138807997
4.270150692601075	0.9690107455604116
4.274070059918745	1.0026109647764778
4.277989427236415	0.9829819149797583
4.281908794554084	0.9661553604414479
4.285828161871754	0.9864805725147864
4.289747529189423	0.9811397098108867
4.293666896507093	0.989131932889943
4.297586263824763	0.9870573493749425
4.301505631142432	0.9798444302074556
4.3054249984601025	0.9729263850665871
4.309344365777772	0.9719667263476681
4.313263733095441	0.978817948963162
4.317183100413111	0.982686041763872
4.32110246773078	0.9629281109253098
4.32502183504845	0.9684146486297414
4.32894120236612	0.9653252171399457
4.33286056968379	0.9489030922507034
4.3367799370014595	1.0100505178174637
4.340699304319129	1.0015802541147838
4.344618671636798	0.9331577667717471
4.348538038954468	0.9778382819524095
4.352457406272138	0.9697312426995479
4.356376773589807	0.9835614991624794
4.360296140907478	0.976260632455806
4.364215508225147	0.9863440494331838
4.368134875542816	0.9772233309023779
4.372054242860486	0.981762021334799
4.375973610178155	0.972678988829359
4.3798929774958255	0.9649326089091746
4.383812344813495	0.9470458931678197
4.387731712131164	0.9565439100223359
4.391651079448835	0.9605517980683946
4.395570446766504	0.9712853124199569
4.399489814084173	0.9664496176487565
4.403409181401843	0.9345014070616041
4.407328548719513	0.9968003530506893
4.4112479160371825	0.9183108490047711
4.415167283354852	0.9778446714563621
4.419086650672522	0.9740586347924033
4.4230060179901916	0.9643946522776603
4.426925385307861	0.9509289605591457
4.43084475262553	0.9811441426701683
4.4347641199432	0.9628536654304399
4.43868348726087	0.9700535866362361
4.442602854578539	0.9493058521321346
4.44652222189621	0.9420587547644172
4.450441589213879	0.9871925725358931
4.4543609565315485	0.9682869822404637
4.458280323849218	0.9338196464578383
4.462199691166887	0.9747004164128579
4.466119058484558	0.9534000050584339
4.470038425802227	0.9707834741400732
4.473957793119896	0.9798453591502485
4.477877160437567	0.956394603534573
4.481796527755236	0.9607083069618079
4.4857158950729055	0.9742173490298643
4.489635262390575	0.9585991891054451
4.493554629708245	0.9670998638787509
4.4974739970259145	0.9929063161979091
4.501393364343584	0.96818486580304
4.505312731661254	0.9472500237686557
4.509232098978924	0.9968509753458588
4.513151466296593	0.9818389432160483
4.517070833614262	0.9764529653806806
4.520990200931933	0.9877509459568391
4.524909568249602	0.9833491293032728
4.5288289355672715	0.9752972878305074
4.532748302884942	1.001651779000835
4.536667670202611	0.9753375599513742
4.540587037520281	0.978028284050537
4.54450640483795	0.9605750146766779
4.548425772155619	1.008561352750885
4.55234513947329	0.9911126851552232
4.556264506790959	0.9862711303502066
4.560183874108629	0.9754221375491372
4.564103241426299	1.003568463263303
4.568022608743968	0.9648750065390067
4.5719419760616375	0.966816411971982
4.575861343379307	0.966117931004344
4.579780710696977	1.0043525191467373
4.583700078014647	0.9976284602369556
4.587619445332316	0.9580775312916338
4.591538812649986	1.001353804229233
4.595458179967656	0.9818549418514142
4.599377547285325	0.962657877019326
4.6032969146029945	0.990570950140076
4.607216281920665	0.9872342287124704
4.611135649238334	0.9900332760756613
4.615055016556004	1.0071692047586
4.618974383873674	0.990197975995967
4.622893751191343	0.9711731118007304
4.626813118509013	1.007907080261085
4.630732485826682	0.9615802202057538
4.634651853144352	1.0012354012912161
4.638571220462022	0.9976814764803729
4.642490587779691	0.9690347967307789
4.646409955097361	0.9926937118984873
4.650329322415031	0.9738786153190256
4.6542486897327	1.0300554006347558
4.65816805705037	0.9853797794173097
4.662087424368039	1.0037761535886904
4.666006791685709	1.0237200607501475
4.669926159003379	1.0093680804083973
4.673845526321049	1.0246463482709072
4.677764893638718	0.9917933885863284
4.681684260956388	0.9972189264717551
4.685603628274057	0.9857395770041576
4.689522995591727	1.0061890833221085
4.693442362909397	0.9924561003197323
4.697361730227066	1.0003362890450176
4.701281097544736	1.0038822689176172
4.705200464862406	0.9961008652996294
4.709119832180075	0.9998652325284099
4.713039199497745	1.0372199166945912
4.716958566815414	1.015683145999079
4.720877934133084	0.9890464214181346
4.724797301450754	1.0172528090072201
4.728716668768423	1.0370749314735515
4.7326360360860935	1.0056101123513541
4.736555403403763	1.015334756413774
4.740474770721432	1.013433588891208
4.744394138039102	1.0153208431114633
4.748313505356771	1.028310148018799
4.752232872674441	1.0270583195855845
4.756152239992111	1.0357749823238125
4.760071607309781	1.0026742495254375
4.7639909746274505	1.0294996989154444
4.76791034194512	1.007974492973171
4.771829709262789	1.0019191906995148
4.775749076580459	1.0237776506785643
4.779668443898129	1.0293358165871263
4.783587811215798	1.0197683419335906
4.787507178533469	0.9934009105391661
4.791426545851138	1.026690399530627
4.795345913168807	1.0091093082283804
4.799265280486477	1.007679283578473
4.803184647804146	1.0201498973752625
4.8071040151218165	1.0030948562371866
4.811023382439486	1.0073049923588555
4.814942749757155	1.020575722280408
4.818862117074826	1.0245253590734769
4.822781484392495	1.0228608178330216
4.826700851710164	1.055605900035685
4.830620219027834	0.9957137344079178
4.834539586345504	1.0361101965111053
4.8384589536631735	1.0134611718529698
4.842378320980843	1.0286991981718625
4.846297688298513	1.0080523473888652
4.8502170556161825	1.000887008470299
4.854136422933852	1.0409431143256787
4.858055790251521	1.026952629635849
4.861975157569191	1.0333507743652923
4.865894524886861	1.0344373642941445
4.86981389220453	1.0076348830909683
4.873733259522201	1.0237308771803026
4.87765262683987	0.9938705144867468
4.8815719941575395	1.0120366302744876
4.885491361475209	1.0358102422626287
4.889410728792878	1.040017809684492
4.893330096110549	1.0345865125072076
4.897249463428218	1.0038963042187699
4.901168830745888	1.0243976556347816
4.905088198063558	1.0117257441888186
4.909007565381227	1.0074083603695858
4.9129269326988965	1.0217832268058453
4.916846300016566	1.0346604413008307
4.920765667334236	1.0373576299586473
4.9246850346519055	1.0369464793250533
4.928604401969575	1.030966988574978
4.932523769287245	1.0075030885955318
4.936443136604915	0.9995308917390852
4.940362503922584	1.0252443929258002
4.944281871240253	0.9992330672314553
4.948201238557924	1.0242493146539637
4.952120605875593	1.0091461479568897
4.9560399731932625	1.0053071264495834
4.959959340510933	1.0073844013452617
4.963878707828602	1.0244990985039704
4.967798075146272	1.017808337504345
4.971717442463941	1.0216764077013156
4.97563680978161	0.9998320498685037
4.979556177099281	0.9988648576675319
4.98347554441695	1.019483307415539
4.98739491173462	1.0186872105230316
4.99131427905229	1.0406149628447765
4.995233646369959	1.009469496317561
4.9991530136876285	1.029536385656844
5.003072381005298	0.9963016850120993
5.006991748322968	0.9953420110069396
5.010911115640638	1.0025642454651136
5.014830482958307	1.009961898008662
5.018749850275977	1.013357377707367
5.022669217593647	1.0324290295180683
5.026588584911316	1.006035547277651
5.0305079522289855	1.0305997406485432
5.034427319546656	1.0076488765841398
5.038346686864325	1.0270006940060397
5.042266054181995	0.993286945108481
5.046185421499665	1.0206647196814211
5.050104788817334	0.9962951366572952
5.054024156135004	1.0125979489622576
5.057943523452673	1.0116167121756865
5.061862890770343	1.0159163099554005
5.065782258088013	1.027814838720641
5.069701625405682	1.0238872762899482
5.073620992723352	1.0219167560309323
5.077540360041022	0.9999368160951799
5.081459727358691	1.0096476928216358
5.085379094676361	1.0047988434297919
5.08929846199403	1.0111818891847848
5.0932178293117	1.0320280311115413
5.09713719662937	0.9801149378367058
5.10105656394704	1.011146270164161
5.104975931264709	0.9878722033181178
5.108895298582379	1.017642565436822
5.112814665900048	1.0204907135950467
5.116734033217718	0.9929046170467861
5.120653400535388	1.0097265488446256
5.124572767853057	1.0144778048190093
5.128492135170727	0.9875950822360576
5.132411502488397	0.996927607792079
5.136330869806066	1.0225611038904558
5.140250237123736	1.0198647149779667
5.144169604441405	0.990482309420492
5.148088971759075	1.0275356674505578
5.152008339076745	0.9963412089178869
5.155927706394414	1.0029303584680058
5.1598470737120845	0.9884240093005887
5.163766441029754	0.9974453034642595
5.167685808347423	0.9927437909616864
5.171605175665093	0.9889919250698858
5.175524542982763	1.006010110597499
5.179443910300432	0.9871211022816723
5.183363277618102	0.9929008055636092
5.187282644935772	0.980044062112668
5.1912020122534415	1.0096096429556916
5.195121379571111	1.0101286423126798
5.19904074688878	0.9976713105745588
5.20296011420645	0.9924676279551572
5.20687948152412	1.0186910428892508
5.210798848841789	0.9979709755329277
5.21471821615946	0.97565400413642
5.218637583477129	0.9944233478159644
5.222556950794798	0.9971557982338697
5.226476318112468	0.9782381235699342
5.230395685430137	0.9958172836518263
5.2343150527478075	1.012611323228556
5.238234420065477	0.9738514112572787
5.242153787383146	0.9858860337554471
5.246073154700817	0.98787201662228
5.249992522018486	0.9954854526282343
5.253911889336155	1.0157791241975946
5.257831256653825	0.9966873550533212
5.261750623971495	0.988508082679749
5.2656699912891645	0.9868564120302209
5.269589358606834	0.988275497204
5.273508725924504	0.9911303951278913
5.2774280932421735	0.9833632444870314
5.281347460559843	0.988549658978102
5.285266827877512	0.9721988854311573
5.289186195195183	0.9951126158390206
5.293105562512852	0.9898844855298689
5.297024929830521	0.9864561744912598
5.300944297148192	0.9832151967863481
5.304863664465861	0.984433137724687
5.3087830317835305	0.9991557220482312
5.3127023991012	0.9731881573563912
5.316621766418869	0.982742114341008
5.32054113373654	0.9834184087924727
5.324460501054209	0.9780835463991685
5.328379868371879	0.9766451885020209
5.332299235689549	1.0025194049467276
5.336218603007218	0.9662129428003599
5.3401379703248875	0.9723491006973268
5.344057337642557	0.976185826418992
5.347976704960227	0.98298795431014
5.3518960722778965	1.0039361601179513
5.355815439595566	0.9979265509133872
5.359734806913236	0.9736224323718364
5.363654174230906	0.9789913431077465
5.367573541548575	0.995819723253357
5.371492908866244	0.9941934045401459
5.375412276183915	0.9780072847032503
5.379331643501584	0.9731202115606351
5.3832510108192535	0.9559725403626754
5.387170378136924	0.9834093768417272
5.391089745454593	0.9699142490568492
5.395009112772263	0.9612765764629747
5.398928480089932	0.9774119110559721
5.402847847407601	0.9914400090617761
5.406767214725272	0.9905172490338423
5.410686582042941	0.9837779874179342
5.414605949360611	1.009864990276259
5.418525316678281	0.9747911064302065
5.42244468399595	0.9721897871583015
5.4263640513136195	0.9866083864090115
5.430283418631289	0.9846750431595608
5.434202785948959	0.9832551803298049
5.438122153266629	0.9794667960619463
5.442041520584299	0.9672305318524924
5.445960887901968	0.9991144980881922
5.449880255219638	1.0101594732852492
5.453799622537307	0.9861389040100905
5.4577189898549765	0.9916186393058323
5.461638357172647	0.9831423096187658
5.465557724490316	0.995149018975634
5.469477091807986	0.9820009195101309
5.473396459125656	0.9829361692250689
5.477315826443325	0.9932188224257044
5.481235193760995	0.9797932884847388
5.485154561078664	0.9860528939068122
5.489073928396334	0.9866404810884614
5.492993295714004	0.9905460248468861
5.496912663031673	0.9985843098349821
5.500832030349343	0.9834204287407148
5.504751397667013	0.969621292975151
5.508670764984682	0.9834301413468081
5.512590132302352	1.005441426299219
5.516509499620021	0.9873866912094628
5.520428866937691	0.9951907455340449
5.524348234255361	0.9901677730820639
5.528267601573031	0.9854858792720618
5.5321869688907	0.9791793783770781
5.53610633620837	1.0095038724891685
5.540025703526039	0.995670922686775
5.543945070843709	0.9854619363003567
5.547864438161379	0.9645383830310763
5.551783805479048	0.9948711493918375
5.5557031727967185	1.0269027440465586
5.559622540114388	1.0001715140293297
5.563541907432057	1.0019997781453032
5.567461274749727	0.9860437030113698
5.571380642067396	1.0037012011867719
5.575300009385066	0.9832729459333832
5.579219376702736	1.0333925877342756
5.583138744020405	0.98308526916621
5.5870581113380755	1.0012860315405914
5.590977478655745	1.0022866370490877
5.594896845973414	0.9948013987494045
5.598816213291084	0.989253908663664
5.602735580608754	0.982763414407034
5.606654947926423	0.9895176632424988
5.610574315244093	0.996252086292751
5.614493682561763	1.0088469194759153
5.6184130498794325	0.9882369466797591
5.622332417197102	0.9973193424982926
5.626251784514771	0.9872260173580871
5.630171151832441	1.0035524606627473
5.634090519150111	0.9999472201310327
5.63800988646778	0.9599452911746719
5.641929253785451	1.001105097443867
5.64584862110312	0.9959437200469207
5.649767988420789	0.9991137974050932
5.653687355738459	1.0057221411150514
5.657606723056128	1.027962290377132
5.6615260903737985	0.9980939832002984
5.665445457691468	1.005453856431375
5.669364825009137	1.0018820780017759
5.673284192326808	0.9939610934624913
5.677203559644477	1.0230538514335101
5.681122926962146	0.9986705268607655
5.685042294279816	1.0028741341048832
5.688961661597486	1.0154238853712505
5.6928810289151555	0.9951677787513942
5.696800396232825	1.0175710491398031
5.700719763550495	0.9955159106556927
5.7046391308681645	1.0121594950512791
5.708558498185834	1.0178416681450924
5.712477865503503	1.0227397072624738
5.716397232821174	1.0026341608966065
5.720316600138843	1.0165704861362699
5.724235967456512	1.013191328194311
5.728155334774183	0.9995909549206827
5.732074702091852	0.9951750500259333
5.7359940694095215	1.0168071169676025
5.739913436727191	1.0370107030511635
5.74383280404486	1.016918784254973
5.747752171362531	0.9964257650679181
5.7516715386802	1.013845966615903
5.75559090599787	1.0142803711460746
5.75951027331554	0.9959860034648126
5.763429640633209	1.0054905973881756
5.7673490079508785	1.0316862797336346
5.771268375268548	1.0194562058349046
5.775187742586218	1.0222786264430321
5.7791071099038875	1.0018426263537499
5.783026477221557	1.0027320509100914
5.786945844539227	1.0203725421098606
5.790865211856897	1.0091320294293376
5.794784579174566	1.0226862523187619
5.798703946492235	1.0044687401295858
5.802623313809906	1.008468546955742
5.806542681127575	1.004730234591767
5.8104620484452445	1.0219232864669914
5.814381415762915	1.0066166970338453
5.818300783080584	1.007628741876504
5.822220150398254	1.0065681509014577
5.826139517715923	1.0086088256317163
5.830058885033593	1.0249397916183811
5.833978252351263	1.002220479495546
5.837897619668932	1.0120466839730995
5.841816986986602	1.0042301277675385
5.845736354304272	1.010507124624697
5.849655721621941	1.0119351152605767
5.8535750889396105	1.037628682510629
5.85749445625728	1.0204713553402367
5.86141382357495	1.0195445366244427
5.86533319089262	1.0248809884295587
5.86925255821029	0.9857017311393025
5.873171925527959	1.0141592692853505
5.877091292845629	1.0183185376036994
