0.0013997740420248724	0.0
0.004199322126074617	0.0
0.006998870210124361	0.0
0.009798418294174107	0.0
0.012597966378223852	0.0
0.015397514462273595	0.0
0.01819706254632334	0.0
0.020996610630373086	0.0
0.02379615871442283	0.0
0.026595706798472576	0.0
0.02939525488252232	0.0
0.03219480296657207	0.0
0.034994351050621805	0.0
0.03779389913467156	0.0
0.040593447218721296	0.0
0.04339299530277105	0.0
0.046192543386820786	0.0
0.04899209147087054	0.0
0.05179163955492028	0.0
0.05459118763897003	0.0
0.05739073572301977	0.0
0.06019028380706952	0.0
0.06298983189111926	0.0
0.06578937997516901	0.0
0.06858892805921875	0.0
0.07138847614326849	0.0
0.07418802422731824	0.0
0.07698757231136799	0.0
0.07978712039541773	0.0
0.08258666847946747	0.0
0.08538621656351722	0.0
0.08818576464756697	0.0
0.0909853127316167	0.0
0.09378486081566645	0.0
0.0965844088997162	0.0
0.09938395698376594	0.0
0.10218350506781568	0.0
0.10498305315186543	0.0
0.10778260123591518	0.0
0.11058214931996492	0.0
0.11338169740401466	0.0
0.11618124548806441	0.0
0.11898079357211416	0.0
0.1217803416561639	0.0
0.12457988974021364	0.0
0.1273794378242634	0.0
0.13017898590831314	0.0
0.13297853399236287	0.0
0.13577808207641262	0.0
0.13857763016046237	0.0
0.14137717824451213	0.0
0.14417672632856185	0.0
0.1469762744126116	0.0
0.14977582249666135	0.0
0.15257537058071108	0.0
0.15537491866476083	0.0
0.15817446674881058	0.0
0.16097401483286033	0.0
0.1637735629169101	0.0
0.1665731110009598	0.0
0.16937265908500956	0.0
0.17217220716905932	0.0
0.17497175525310904	0.0
0.1777713033371588	0.0
0.18057085142120854	0.0
0.1833703995052583	0.0
0.18616994758930802	0.0
0.18896949567335777	0.0
0.19176904375740753	0.0
0.19456859184145725	0.0
0.197368139925507	0.0
0.20016768800955675	0.0
0.2029672360936065	0.0
0.20576678417765626	0.0
0.20856633226170598	0.0
0.21136588034575574	0.0
0.2141654284298055	0.0
0.2169649765138552	0.0
0.21976452459790496	0.0
0.22256407268195472	0.0
0.22536362076600447	0.0
0.2281631688500542	0.0
0.23096271693410395	0.0
0.2337622650181537	0.0
0.23656181310220342	0.0
0.23936136118625317	0.0
0.24216090927030293	0.0
0.24496045735435268	0.0
0.24776000543840243	0.0
0.2505595535224522	0.0
0.2533591016065019	0.0
0.2561586496905517	0.0
0.2589581977746014	0.0
0.2617577458586512	0.0
0.2645572939427009	0.0
0.2673568420267506	0.0
0.2701563901108004	0.0
0.2729559381948501	0.0
0.2757554862788999	0.0
0.2785550343629496	0.0
0.2813545824469994	0.0
0.2841541305310491	0.0
0.2869536786150988	0.0
0.2897532266991486	0.0
0.2925527747831983	0.0
0.2953523228672481	0.0
0.2981518709512978	0.0
0.3009514190353476	0.0
0.3037509671193973	0.0
0.30655051520344706	0.0
0.3093500632874968	0.0
0.3121496113715465	0.0
0.3149491594555963	0.0
0.317748707539646	0.0
0.3205482556236958	0.0
0.3233478037077455	0.0
0.32614735179179527	0.0
0.328946899875845	0.0
0.3317464479598947	0.0
0.3345459960439445	0.0
0.3373455441279942	0.0
0.34014509221204403	0.0
0.34294464029609373	0.0
0.34574418838014354	0.0
0.34854373646419323	0.0
0.35134328454824293	0.0
0.35414283263229274	0.0
0.35694238071634243	0.0
0.35974192880039224	0.0
0.36254147688444194	0.0
0.36534102496849175	0.0
0.36814057305254144	0.0
0.37094012113659114	0.0
0.37373966922064095	0.0
0.37653921730469064	0.0
0.37933876538874045	0.0
0.38213831347279015	0.0
0.38493786155683996	0.0
0.38773740964088965	0.0
0.3905369577249394	0.0
0.39333650580898916	0.0
0.39613605389303885	0.0
0.39893560197708866	0.0
0.40173515006113836	0.0
0.40453469814518817	0.0
0.40733424622923786	0.0
0.4101337943132876	0.0
0.41293334239733737	0.0
0.41573289048138706	0.0
0.41853243856543687	0.0
0.42133198664948657	0.0
0.4241315347335364	0.0
0.42693108281758607	0.0
0.4297306309016359	0.0
0.4325301789856856	0.0
0.4353297270697353	0.0
0.4381292751537851	0.0
0.4409288232378348	0.0
0.4437283713218846	0.0
0.4465279194059343	0.0
0.4493274674899841	0.0
0.4521270155740338	0.0
0.4549265636580835	0.0
0.4577261117421333	0.0
0.460525659826183	0.0
0.4633252079102328	0.0
0.4661247559942825	0.0
0.4689243040783323	0.0
0.471723852162382	0.0
0.47452340024643175	0.0
0.4773229483304815	0.0
0.4801224964145312	0.0
0.482922044498581	0.0
0.4857215925826307	0.0
0.4885211406666805	0.0
0.4913206887507302	0.0
0.49412023683477996	0.0
0.4969197849188297	0.0
0.49971933300287946	0.0
0.5025188810869292	0.0
0.5053184291709789	0.0
0.5081179772550286	0.0
0.5109175253390784	0.0
0.5137170734231282	0.0
0.5165166215071779	0.0
0.5193161695912276	0.0
0.5221157176752774	0.0
0.5249152657593272	0.0
0.5277148138433769	0.0
0.5305143619274266	0.0
0.5333139100114763	0.0
0.5361134580955261	0.0
0.5389130061795759	0.0
0.5417125542636256	0.0
0.5445121023476753	0.0
0.5473116504317251	0.0
0.5501111985157748	0.0
0.5529107465998246	0.0
0.5557102946838743	0.0
0.558509842767924	0.0
0.5613093908519738	0.0
0.5641089389360237	0.0
0.5669084870200733	0.0
0.569708035104123	0.0
0.5725075831881727	0.0
0.5753071312722225	0.0
0.5781066793562724	0.0
0.580906227440322	0.0
0.5837057755243718	0.0
0.5865053236084216	0.0
0.5893048716924713	0.0
0.5921044197765211	0.0
0.5949039678605708	0.0
0.5977035159446205	0.0
0.6005030640286703	0.0
0.6033026121127201	0.0
0.6061021601967698	0.0
0.6089017082808195	0.0
0.6117012563648693	0.0
0.614500804448919	0.0
0.6173003525329688	0.0
0.6200999006170185	0.0
0.6228994487010682	0.0
0.625698996785118	0.0
0.6284985448691678	0.0
0.6312980929532175	0.0
0.6340976410372672	0.0
0.6368971891213169	0.0
0.6396967372053667	0.0
0.6424962852894165	0.0
0.6452958333734662	0.0
0.6480953814575159	0.0
0.6508949295415657	0.0
0.6536944776256154	0.0
0.6564940257096652	0.0
0.6592935737937149	0.0
0.6620931218777646	0.0
0.6648926699618144	0.0
0.6676922180458642	0.0
0.6704917661299139	0.0
0.6732913142139636	0.0
0.6760908622980133	0.0
0.6788904103820631	0.0
0.6816899584661129	0.0
0.6844895065501626	0.0
0.6872890546342123	0.0
0.6900886027182621	0.0
0.6928881508023119	0.0
0.6956876988863616	0.0
0.6984872469704113	0.0
0.701286795054461	0.0
0.7040863431385108	0.0
0.7068858912225606	0.0
0.7096854393066103	0.0
0.71248498739066	0.0
0.7152845354747098	0.0
0.7180840835587595	0.0
0.7208836316428093	0.0
0.723683179726859	0.0
0.7264827278109087	0.0
0.7292822758949585	0.0
0.7320818239790083	0.0
0.734881372063058	0.0
0.7376809201471077	0.0
0.7404804682311574	0.0
0.7432800163152072	0.0
0.746079564399257	0.0
0.7488791124833067	0.0
0.7516786605673564	0.0
0.7544782086514062	0.0
0.757277756735456	0.0
0.7600773048195058	0.0
0.7628768529035554	0.0
0.7656764009876051	0.0
0.768475949071655	0.0
0.7712754971557048	0.0
0.7740750452397545	0.0
0.7768745933238042	0.0
0.779674141407854	0.0
0.7824736894919037	0.0
0.7852732375759535	0.0
0.7880727856600032	0.0
0.7908723337440529	0.0
0.7936718818281027	0.0
0.7964714299121525	0.0
0.7992709779962022	0.0
0.8020705260802519	0.0
0.8048700741643016	0.0
0.8076696222483514	0.0
0.8104691703324012	0.0
0.8132687184164509	0.0
0.8160682665005006	0.0
0.8188678145845504	0.0
0.8216673626686001	0.0
0.8244669107526499	0.0
0.8272664588366996	0.0
0.8300660069207493	0.0
0.8328655550047991	0.0
0.8356651030888489	0.0
0.8384646511728986	0.0
0.8412641992569483	0.0
0.8440637473409981	0.0
0.8468632954250478	0.0
0.8496628435090976	0.0
0.8524623915931473	0.0
0.855261939677197	0.0
0.8580614877612468	0.0
0.8608610358452966	0.0
0.8636605839293463	0.0
0.866460132013396	0.0
0.8692596800974457	0.0
0.8720592281814955	0.0
0.8748587762655453	0.0
0.877658324349595	0.0
0.8804578724336447	0.0
0.8832574205176945	0.0
0.8860569686017442	0.0
0.888856516685794	0.0
0.8916560647698437	0.0
0.8944556128538934	0.0
0.8972551609379432	0.0
0.900054709021993	0.0
0.9028542571060427	0.0
0.9056538051900924	0.0
0.9084533532741421	0.0
0.9112529013581919	0.0
0.9140524494422417	0.0
0.9168519975262914	0.0
0.9196515456103411	0.0
0.9224510936943909	0.0
0.9252506417784407	0.0
0.9280501898624904	0.0
0.9308497379465401	0.0
0.9336492860305898	0.0
0.9364488341146396	0.0
0.9392483821986894	0.0
0.9420479302827391	0.0
0.9448474783667888	0.0
0.9476470264508386	0.0
0.9504465745348883	0.0
0.9532461226189382	0.0
0.9560456707029878	0.0
0.9588452187870375	0.0
0.9616447668710874	0.0
0.9644443149551372	0.0
0.9672438630391869	0.026180913211914163
0.9700434111232366	0.039045022493448704
0.9728429592072863	0.10352167048499036
0.9756425072913361	0.03859815926919944
0.9784420553753859	0.07675519792194789
0.9812416034594356	0.025439282517838266
0.9840411515434853	0.10117896611942327
0.9868406996275351	0.10060571572455759
0.9896402477115848	0.13755131962904663
0.9924397957956346	0.24868433576823543
0.9952393438796843	0.2843803219097021
0.998038891963734	0.19672150192603952
1.0008384400477839	0.41569781672513034
1.0036379881318336	0.49849000752205563
1.0064375362158833	0.6166280954253365
1.009237084299933	0.6132118820522443
1.0120366323839827	0.6456959785517157
1.0148361804680324	0.6897042438992592
1.0176357285520823	0.8160019346450635
1.020435276636132	0.9644277912407042
1.0232348247201817	0.9708547523800731
1.0260343728042316	1.2331299327123304
1.0288339208882813	1.4115493872560139
1.031633468972331	1.4384208318142617
1.0344330170563807	1.6023230754245428
1.0372325651404304	1.6506025660177168
1.04003211322448	1.7662732917011732
1.04283166130853	1.880679792244572
1.0456312093925797	2.3522800483130446
1.0484307574766294	2.328592991279214
1.0512303055606793	2.0945602955109286
1.054029853644729	2.7669079237016843
1.0568294017287787	2.664546536796391
1.0596289498128284	2.792281165874427
1.062428497896878	2.647385687137456
1.0652280459809278	3.0652081373733924
1.0680275940649777	2.8559033465494346
1.0708271421490274	3.0332374939223437
1.073626690233077	3.3786821649797103
1.0764262383171268	3.339991422671398
1.0792257864011767	3.38577477745677
1.0820253344852264	3.410119226126232
1.0848248825692761	3.4966070159921294
1.0876244306533258	3.613219479060029
1.0904239787373755	3.883089401990223
1.0932235268214254	3.596797640661792
1.0960230749054751	3.51727664361582
1.0988226229895248	3.7833844688733156
1.1016221710735745	3.7036297084152965
1.1044217191576244	3.7149988050270912
1.1072212672416741	3.6962362247830036
1.1100208153257238	3.4688859026325938
1.1128203634097735	3.4811230140074976
1.1156199114938232	3.5227137069994687
1.1184194595778731	3.3778200012896322
1.1212190076619228	3.029746723815128
1.1240185557459725	3.412106214295461
1.1268181038300222	3.3951727195372907
1.1296176519140722	3.1960100409471592
1.1324171999981218	3.21842823608427
1.1352167480821715	3.4781663583065936
1.1380162961662212	3.2530319267094
1.140815844250271	3.095933730014596
1.1436153923343206	3.1369794261507717
1.1464149404183706	2.907353017272265
1.1492144885024203	3.189944351448047
1.15201403658647	3.331336560112213
1.1548135846705199	3.3335709936128657
1.1576131327545696	2.8239593568835044
1.1604126808386193	2.9012997768692106
1.163212228922669	3.186042755510582
1.1660117770067187	2.873503066370767
1.1688113250907683	2.8956132619276578
1.1716108731748183	2.953167392156974
1.174410421258868	2.6283232513904005
1.1772099693429177	2.412579560105564
1.1800095174269674	2.4451225800276855
1.1828090655110173	2.521099930380405
1.185608613595067	2.7880088574204605
1.1884081616791167	2.514743011257099
1.1912077097631664	2.615137339711481
1.194007257847216	2.1905497069527184
1.196806805931266	2.291466749907549
1.1996063540153157	2.289294328468661
1.2024059020993654	1.9736974975352735
1.205205450183415	2.2006207437993766
1.208004998267465	2.039368378692026
1.2108045463515147	2.004887585286814
1.2136040944355644	1.9956484883787604
1.216403642519614	2.0030270518070954
1.2192031906036638	2.002077874067276
1.2220027386877137	1.9273046898772204
1.2248022867717634	1.8123742060898917
1.227601834855813	1.8041173903075247
1.2304013829398628	1.901083174115713
1.2332009310239127	1.5300752525111014
1.2360004791079624	1.675467031610403
1.238800027192012	1.5322361194960625
1.2415995752760618	1.7477787326662406
1.2443991233601115	1.6212924087438803
1.2471986714441612	1.275471084527787
1.249998219528211	1.4578775162217952
1.2527977676122608	1.3733385460774559
1.2555973156963105	1.4449042600294002
1.2583968637803604	1.2683393856003042
1.2611964118644101	1.216517945913373
1.2639959599484598	1.3184509031307883
1.2667955080325095	1.4957876029894352
1.2695950561165592	1.1700843321898742
1.272394604200609	1.1951993233738505
1.2751941522846588	1.2803337279432316
1.2779937003687085	1.1697527178320402
1.2807932484527582	1.1795759769768195
1.2835927965368081	1.1075379547951003
1.2863923446208578	1.0731192892472736
1.2891918927049075	1.046357536294659
1.2919914407889572	1.1298696478187478
1.294790988873007	1.0154121574717485
1.2975905369570566	1.0474035671363549
1.3003900850411065	1.2384421023640713
1.3031896331251562	1.0023663173416462
1.305989181209206	0.9693519939867555
1.3087887292932556	0.9509100708542194
1.3115882773773055	1.0465239732375398
1.3143878254613552	0.8648477806066285
1.317187373545405	0.8823518405838594
1.3199869216294546	0.8223818309031637
1.3227864697135043	0.9378906634265255
1.3255860177975543	0.9896905381559444
1.328385565881604	0.860597921531507
1.3311851139656536	0.808603954818082
1.3339846620497033	0.7983314194105604
1.3367842101337533	0.9114984455796163
1.339583758217803	0.7507232130143021
1.3423833063018527	0.7136136039724786
1.3451828543859023	0.7512547656338171
1.347982402469952	0.7144376416663645
1.3507819505540017	0.7316155189250776
1.3535814986380517	0.8088043169915052
1.3563810467221014	0.6989607425647195
1.359180594806151	0.6828256151666839
1.361980142890201	0.7196343046476331
1.3647796909742507	0.8284615456038149
1.3675792390583004	0.7857839614831598
1.37037878714235	0.7238834331343068
1.3731783352263998	0.7209348285306127
1.3759778833104495	0.7115356968551062
1.3787774313944994	0.5798038469488589
1.381576979478549	0.6416182957399518
1.3843765275625988	0.6390259021192842
1.3871760756466487	0.7064585989800674
1.3899756237306984	0.7099545913577953
1.392775171814748	0.5618946437731777
1.3955747198987978	0.6539643445119283
1.3983742679828475	0.5824558618121818
1.4011738160668972	0.63627237165729
1.403973364150947	0.5281145211076334
1.4067729122349968	0.6559712292302686
1.4095724603190465	0.4869442038239553
1.4123720084030962	0.5893861846520781
1.415171556487146	0.5320200419631576
1.4179711045711958	0.6091049957467637
1.4207706526552455	0.5521033223942589
1.4235702007392952	0.6587121064926031
1.4263697488233449	0.5718554851599688
1.4291692969073948	0.5336414762267297
1.4319688449914445	0.4957216424143771
1.4347683930754942	0.6663176960375127
1.437567941159544	0.6103899769273295
1.4403674892435938	0.5430854084737473
1.4431670373276435	0.4998188745371117
1.4459665854116932	0.5213152400858945
1.448766133495743	0.5251373013401811
1.4515656815797926	0.6161116361823976
1.4543652296638425	0.5326817175966517
1.4571647777478922	0.5998503823190985
1.459964325831942	0.49412962761138474
1.4627638739159916	0.47506886893480665
1.4655634220000415	0.5530818822253464
1.4683629700840912	0.516893984147656
1.471162518168141	0.46966016091007795
1.4739620662521906	0.5242485874003971
1.4767616143362403	0.4717212384165414
1.47956116242029	0.4755322929735219
1.48236071050434	0.45701767479024535
1.4851602585883896	0.49971548376737074
1.4879598066724393	0.5033683769719371
1.4907593547564892	0.5620979765018059
1.493558902840539	0.3294074959413509
1.4963584509245886	0.43756808998236657
1.4991579990086383	0.5394700267191503
1.501957547092688	0.5266030351521002
1.5047570951767377	0.4543321035672881
1.5075566432607876	0.4580349181931229
1.5103561913448373	0.49928799987892725
1.513155739428887	0.5134887280646191
1.515955287512937	0.5382394554612195
1.5187548355969867	0.4247580134183033
1.5215543836810363	0.47609595544166694
1.524353931765086	0.5007015283009284
1.5271534798491357	0.4411038583278783
1.5299530279331854	0.4813473393215132
1.5327525760172354	0.4378870687989113
1.535552124101285	0.44667975483317895
1.5383516721853348	0.4450554666087149
1.5411512202693844	0.4279711840674617
1.5439507683534344	0.4161453711844924
1.546750316437484	0.45047344089415015
1.5495498645215338	0.4335455761830518
1.5523494126055835	0.5031334340722
1.5551489606896332	0.44562098091604946
1.557948508773683	0.4944778285872571
1.5607480568577328	0.5278987591304594
1.5635476049417825	0.42581764795868665
1.5663471530258322	0.46423069553580043
1.569146701109882	0.4377060253673016
1.5719462491939318	0.49066689861676227
1.5747457972779815	0.3950899849763561
1.5775453453620312	0.5462434294075786
1.5803448934460809	0.47075444442842385
1.5831444415301306	0.40556826292030973
1.5859439896141805	0.452828976296735
1.5887435376982302	0.5482741892304523
1.5915430857822799	0.512502534193031
1.5943426338663298	0.4769785270942665
1.5971421819503795	0.49451220856631534
1.5999417300344292	0.5597633801918701
1.6027412781184789	0.5244363603629888
1.6055408262025286	0.44659319486726745
1.6083403742865783	0.47818109264869296
1.6111399223706282	0.5284190420792547
1.613939470454678	0.46076400602007295
1.6167390185387276	0.5763047880057783
1.6195385666227775	0.5462987779294658
1.6223381147068272	0.5537212300707252
1.625137662790877	0.6352829702914263
1.6279372108749266	0.5268130300556106
1.6307367589589763	0.44671544695081716
1.633536307043026	0.5323869043216013
1.636335855127076	0.5946007016443745
1.6391354032111256	0.4922900443554647
1.6419349512951753	0.5133262901433833
1.644734499379225	0.5387438389447478
1.647534047463275	0.5233788304022577
1.6503335955473246	0.4901285229044846
1.6531331436313743	0.5332836338721736
1.655932691715424	0.5180832957654505
1.6587322397994737	0.5742012053378283
1.6615317878835236	0.49685272414633475
1.6643313359675733	0.5924506496353771
1.667130884051623	0.5552110658324647
1.6699304321356727	0.6016594902269433
1.6727299802197226	0.5821393040150689
1.6755295283037723	0.5060352618691828
1.678329076387822	0.5217398060972888
1.6811286244718717	0.6066708302046653
1.6839281725559214	0.6953536115062381
1.6867277206399713	0.628477675614391
1.689527268724021	0.6778812797729784
1.6923268168080707	0.5216969806324913
1.6951263648921204	0.5924307720316058
1.6979259129761703	0.6414553629843041
1.70072546106022	0.5800682653410598
1.7035250091442697	0.48531954241412023
1.7063245572283194	0.668806998470947
1.7091241053123691	0.7001582966914213
1.7119236533964188	0.6226506572372326
1.7147232014804688	0.6497757778100284
1.7175227495645184	0.6850242027181948
1.7203222976485681	0.616585915583852
1.723121845732618	0.6764548890174562
1.7259213938166678	0.6290372669055508
1.7287209419007175	0.6556878947709877
1.7315204899847672	0.7270959100819663
1.7343200380688168	0.671819229426064
1.7371195861528665	0.7102407478763334
1.7399191342369165	0.6472749874640928
1.7427186823209662	0.7258466924074941
1.7455182304050159	0.7395984907557362
1.7483177784890656	0.6490844998506742
1.7511173265731155	0.7109130454411788
1.7539168746571652	0.7444757666410248
1.7567164227412149	0.6865461765876686
1.7595159708252646	0.7239217682888637
1.7623155189093143	0.7886596785554306
1.7651150669933642	0.6760975715613518
1.7679146150774139	0.7170599907284416
1.7707141631614636	0.8319738101018918
1.7735137112455133	0.7787317269685954
1.7763132593295632	0.8771953046307576
1.7791128074136129	0.8280065568887292
1.7819123554976626	0.8138357283134157
1.7847119035817123	0.815129471563812
1.787511451665762	0.8049123755500388
1.790310999749812	0.840606408637415
1.7931105478338616	0.8875008274080906
1.7959100959179113	0.9416932846842359
1.798709644001961	0.8630574331307924
1.801509192086011	0.9471695627542166
1.8043087401700606	0.9066137763330615
1.8071082882541103	0.8475533817455736
1.80990783633816	0.9870018889123243
1.8127073844222097	0.8833237675844792
1.8155069325062594	0.9066109944067839
1.8183064805903093	1.0260595677737143
1.821106028674359	0.9305871588704134
1.8239055767584087	0.8725104207468881
1.8267051248424586	1.0460078527706664
1.8295046729265083	0.9184037637827981
1.832304221010558	1.0432727138793207
1.8351037690946077	1.0255452654986634
1.8379033171786574	0.971664757768362
1.840702865262707	0.9144924516649298
1.843502413346757	0.9729786800005583
1.8463019614308067	0.9951791947367539
1.8491015095148564	1.1246959290846854
1.8519010575989063	1.039164761476684
1.854700605682956	0.9755059375149566
1.8575001537670057	1.0293599414768322
1.8602997018510554	1.1288905368850988
1.8630992499351051	0.9667308178915266
1.8658987980191548	1.0693611365083944
1.8686983461032047	1.1082447006511345
1.8714978941872544	1.1329045160165656
1.8742974422713041	1.1190641703578936
1.8770969903553538	1.1226802415891362
1.8798965384394037	1.219836856666726
1.8826960865234534	1.1263779617833118
1.8854956346075031	1.2160477470224713
1.8882951826915528	1.0819265247774488
1.8910947307756025	1.1198198681543612
1.8938942788596524	1.0584667376625263
1.8966938269437021	1.126835492726552
1.8994933750277518	1.1846139602066987
1.9022929231118015	1.1608238474995012
1.9050924711958515	1.2046560909913178
1.9078920192799012	1.2549552377831912
1.9106915673639508	1.251280408091442
1.9134911154480005	1.257656186911472
1.9162906635320502	1.250649136293452
1.9190902116161002	1.157218720418531
1.9218897597001499	1.1637967994211456
1.9246893077841996	1.1934738901395803
1.9274888558682493	1.3910914694074383
1.9302884039522992	1.2753057282999793
1.9330879520363489	1.297833398624482
1.9358875001203986	1.3234934021516889
1.9386870482044483	1.238212453409406
1.941486596288498	1.3841010401055622
1.9442861443725477	1.3120840314655906
1.9470856924565976	1.3083136776515008
1.9498852405406473	1.3464343030840755
1.952684788624697	1.281550131064222
1.9554843367087469	1.3131131895266843
1.9582838847927966	1.2710386662555286
1.9610834328768463	1.2546744980219993
1.963882980960896	1.2987306371892087
1.9666825290449457	1.3678617906464212
1.9694820771289954	1.332402307863221
1.9722816252130453	1.2876933182245267
1.975081173297095	1.4096244827497475
1.9778807213811447	1.1864952586192294
1.9806802694651944	1.317378866694246
1.9834798175492443	1.2763073710586672
1.986279365633294	1.2820246692721151
1.9890789137173437	1.3248500753112211
1.9918784618013934	1.327302086864476
1.994678009885443	1.2220019532436424
1.997477557969493	1.2400652600848632
2.000277106053543	1.3467883199692403
2.0030766541375926	1.3888113328670568
2.0058762022216423	1.3331924713900183
2.008675750305692	1.362867583875633
2.0114752983897417	1.3167000252096561
2.0142748464737914	1.192302984736563
2.017074394557841	1.276288977559576
2.019873942641891	1.326785543762747
2.0226734907259405	1.2842001667344443
2.02547303880999	1.4030460319783133
2.0282725868940403	1.3098664841586174
2.03107213497809	1.3270394167194357
2.0338716830621397	1.3766795114025925
2.0366712311461894	1.334515348604467
2.039470779230239	1.2866886159634459
2.042270327314289	1.2978449478157443
2.0450698753983385	1.300150608938027
2.047869423482388	1.3082793527322185
2.050668971566438	1.3979032476215345
2.0534685196504876	1.2256411941820735
2.0562680677345377	1.2889246980632152
2.0590676158185874	1.2883107766402089
2.061867163902637	1.201272922424033
2.064666711986687	1.3158081260144228
2.0674662600707365	1.360954938747882
2.0702658081547862	1.2944133432265437
2.073065356238836	1.4448041139580021
2.0758649043228856	1.3414386772519662
2.0786644524069358	1.3434965700629502
2.0814640004909855	1.4642625349417024
2.084263548575035	1.2855429031163772
2.087063096659085	1.3551983977235034
2.0898626447431345	1.2281901877810022
2.0926621928271842	1.342363023294942
2.095461740911234	1.2941526577641802
2.0982612889952836	1.310173377226956
2.1010608370793333	1.2567472586458523
2.103860385163383	1.3502462818453969
2.106659933247433	1.2942285390973465
2.109459481331483	1.2715299685811035
2.1122590294155326	1.4520725721235255
2.1150585774995823	1.3113472644700743
2.117858125583632	1.4607875406942914
2.1206576736676817	1.3534501148709468
2.1234572217517313	1.3661800963314035
2.126256769835781	1.3517492225187546
2.1290563179198307	1.2698445534470475
2.131855866003881	1.3796892650493409
2.1346554140879306	1.2443783160830812
2.1374549621719803	1.222356537986359
2.14025451025603	1.3100631795096005
2.1430540583400797	1.2506436802051197
2.1458536064241294	1.34047080129745
2.148653154508179	1.3502436843100198
2.1514527025922288	1.3678987103927027
2.1542522506762785	1.2112856663187992
2.157051798760328	1.3581744508584441
2.1598513468443783	1.2916486165794108
2.162650894928428	1.2830696882713464
2.1654504430124777	1.4129531778182163
2.1682499910965274	1.3129217226021421
2.171049539180577	1.1250593514424012
2.173849087264627	1.2880259430629597
2.1766486353486765	1.2898847027808285
2.179448183432726	1.2556334294739389
2.1822477315167763	1.283274158755052
2.185047279600826	1.1722534723250646
2.1878468276848757	1.2895070309685925
2.1906463757689254	1.283661262322848
2.193445923852975	1.2142036119229933
2.196245471937025	1.2263441905347927
2.1990450200210745	1.2637445922312356
2.201844568105124	1.3236860029641615
2.204644116189174	1.277491378973394
2.2074436642732236	1.3044129635714932
2.2102432123572737	1.2584923859859694
2.2130427604413234	1.2428072676704993
2.215842308525373	1.167334064035953
2.218641856609423	1.2440063777760346
2.2214414046934725	1.2334276249379141
2.224240952777522	1.151108589052526
2.227040500861572	1.1753784653322645
2.2298400489456216	1.174892046118695
2.2326395970296717	1.0957831559877966
2.2354391451137214	1.1886200255559973
2.238238693197771	1.1685360247957723
2.241038241281821	1.272913744807428
2.2438377893658705	1.1335221445423482
2.2466373374499202	1.0845974692848899
2.24943688553397	1.219859801743958
2.2522364336180196	1.0961119235281662
2.2550359817020693	1.054858403896938
2.257835529786119	1.0738655889096538
2.2606350778701687	1.1383077536591109
2.263434625954219	0.9992344071201074
2.2662341740382685	1.1040746326183979
2.2690337221223182	1.1227604531773874
2.271833270206368	1.124740776414376
2.2746328182904176	1.1219738878326202
2.2774323663744673	1.1121335434788213
2.280231914458517	1.170645389048399
2.2830314625425667	1.0737901526105031
2.285831010626617	1.0688176383305137
2.2886305587106666	1.0358082156874169
2.2914301067947163	1.0636007211371568
2.294229654878766	1.0191247358641788
2.2970292029628157	1.0700274100895613
2.2998287510468653	1.0211148737874345
2.302628299130915	1.0371120403511793
2.3054278472149647	0.98851037938341
2.3082273952990144	1.0022044298539383
2.311026943383064	1.0479322205758363
2.3138264914671143	0.981347285159929
2.316626039551164	0.9766948848488756
2.3194255876352137	1.0426333246596229
2.3222251357192634	0.9106735884810023
2.325024683803313	0.9900413025932298
2.3278242318873628	0.9379393127156266
2.3306237799714125	0.9582340420075608
2.333423328055462	0.9919243030796278
2.3362228761395123	0.9334515874173188
2.339022424223562	1.0073276510135358
2.3418219723076117	0.9513248882274259
2.3446215203916614	0.924548324024554
2.347421068475711	0.9690172447553809
2.3502206165597608	0.84476269173285
2.3530201646438105	0.940079636301794
2.35581971272786	0.9466734612754182
2.35861926081191	0.8717792300265376
2.3614188088959596	0.8345734679427546
2.3642183569800093	0.9290042482855511
2.3670179050640594	0.8721613223753777
2.369817453148109	0.9595108787795479
2.372617001232159	0.9050343616119504
2.3754165493162085	0.8030621967462978
2.378216097400258	0.8812899034600105
2.381015645484308	0.8748982327025997
2.3838151935683576	0.9418099718567949
2.3866147416524073	0.7761927443482242
2.3894142897364574	0.8001159595964878
2.392213837820507	0.8838469548061696
2.395013385904557	0.8454857858018915
2.3978129339886065	0.7561792764526614
2.400612482072656	0.8861738907194049
2.403412030156706	0.8395870664361985
2.4062115782407556	0.7953297645458421
2.4090111263248053	0.7913719841873137
2.411810674408855	0.882174728785447
2.4146102224929047	0.8360187502257924
2.417409770576955	0.7837870286831984
2.4202093186610045	0.882335207947408
2.4230088667450542	0.8594373532670201
2.425808414829104	0.8574547996990743
2.4286079629131536	0.8492498815357442
2.4314075109972033	0.7747884012698497
2.434207059081253	0.7337368560139966
2.4370066071653027	0.7629838183503828
2.439806155249353	0.798266854643551
2.4426057033334025	0.7656479340050301
2.4454052514174522	0.774135771154413
2.448204799501502	0.8234487472221537
2.4510043475855516	0.7216757561697363
2.4538038956696013	0.805457259148751
2.456603443753651	0.7305659139694117
2.4594029918377007	0.785596154679317
2.4622025399217504	0.7434080957435057
2.4650020880058	0.8062178808638774
2.46780163608985	0.8164555690359507
2.4706011841739	0.7243174184627399
2.4734007322579497	0.7547087725020704
2.4762002803419993	0.7809662008545428
2.478999828426049	0.725396420845618
2.4817993765100987	0.8470387430316423
2.4845989245941484	0.7419694685374156
2.487398472678198	0.6908149359898343
2.490198020762248	0.7485114727724953
2.492997568846298	0.764566093566903
2.4957971169303477	0.7628518205335038
2.4985966650143974	0.7022920199452284
2.501396213098447	0.761397846740154
2.5041957611824968	0.7147786177566271
2.5069953092665465	0.8067153442611261
2.509794857350596	0.7932511899121826
2.512594405434646	0.7740252676435647
2.5153939535186955	0.7645609099433888
2.5181935016027452	0.7242359681003673
2.5209930496867954	0.7399714219530205
2.523792597770845	0.7364079515996701
2.5265921458548948	0.7424508373675158
2.5293916939389445	0.8173775756166869
2.532191242022994	0.7831011686147541
2.534990790107044	0.7413509524527199
2.5377903381910936	0.6978813705841065
2.5405898862751433	0.7684452206161414
2.5433894343591934	0.776220577340471
2.546188982443243	0.7140646788356074
2.548988530527293	0.8255917957837093
2.5517880786113425	0.7541924579054785
2.554587626695392	0.6455707648621268
2.557387174779442	0.737785774259513
2.5601867228634916	0.7810161616032599
2.5629862709475413	0.7215151033471907
2.565785819031591	0.7125002060190504
2.5685853671156407	0.7610669624733395
2.571384915199691	0.7557062271220335
2.5741844632837405	0.772545333933413
2.57698401136779	0.7634909872043794
2.57978355945184	0.756314282980903
2.5825831075358896	0.7179515991442837
2.5853826556199393	0.7200620297719026
2.588182203703989	0.7806658894864004
2.5909817517880387	0.7716825521736463
2.5937812998720884	0.770017649794953
2.5965808479561385	0.7610923317247749
2.5993803960401882	0.752203657075832
2.602179944124238	0.7650551434349355
2.6049794922082876	0.7922877214840529
2.6077790402923373	0.7401628164699414
2.610578588376387	0.7224029860659332
2.6133781364604367	0.7674786180614271
2.6161776845444864	0.7389968730595659
2.618977232628536	0.7606295194641678
2.621776780712586	0.7643510904042194
2.624576328796636	0.8338375538439726
2.6273758768806856	0.8285133058309877
2.6301754249647353	0.8302911996475337
2.632974973048785	0.8143938524336692
2.6357745211328347	0.7915108152064388
2.6385740692168844	0.8179775727184989
2.641373617300934	0.7793819120337915
2.644173165384984	0.8565566596006089
2.646972713469034	0.772592280460517
2.6497722615530837	0.8075899690317453
2.6525718096371333	0.8354759671966135
2.655371357721183	0.8510842846891461
2.6581709058052327	0.7920952770122796
2.6609704538892824	0.8596136601093469
2.663770001973332	0.8232883231754163
2.666569550057382	0.8043370499563276
2.6693690981414315	0.8215569312280497
2.6721686462254812	0.8387029216720684
2.6749681943095314	0.9396413583144485
2.677767742393581	0.939385610069494
2.6805672904776308	0.862430513984136
2.6833668385616805	0.903153250322636
2.68616638664573	0.8198007952481078
2.68896593472978	0.9197213199604437
2.6917654828138295	0.8316061423791711
2.6945650308978792	0.8686741852269256
2.697364578981929	0.8651887107549963
2.700164127065979	0.8801931534372665
2.7029636751500288	0.8733419675115754
2.7057632232340785	0.8715356765998067
2.708562771318128	0.9164769789792236
2.711362319402178	0.9029240061464086
2.7141618674862276	0.9426242223924317
2.7169614155702773	0.9473188788926505
2.719760963654327	0.918879445531264
2.7225605117383767	0.9235996328297771
2.7253600598224264	0.9843591513976522
2.7281596079064765	0.934621597630108
2.730959155990526	0.9721165192686194
2.733758704074576	0.9799588802007181
2.7365582521586256	0.9975793875518273
2.7393578002426753	0.9008833945774252
2.742157348326725	0.9234754244608613
2.7449568964107747	0.9508496137274098
2.7477564444948244	0.9213378059062387
2.7505559925788745	0.9923080645358351
2.753355540662924	0.9095170207707178
2.756155088746974	0.935077737257884
2.7589546368310236	1.0088008704675144
2.7617541849150733	0.9553751732174224
2.764553732999123	0.9838872380627739
2.7673532810831727	1.026674666244583
2.7701528291672224	1.038964136202546
2.772952377251272	0.9922708928259136
2.775751925335322	1.053851108013871
2.778551473419372	0.9946211160922174
2.7813510215034216	0.9910367412527318
2.7841505695874713	1.0712017766922772
2.786950117671521	1.031208264705208
2.7897496657555707	1.0653326273899706
2.7925492138396204	1.017654512630954
2.79534876192367	1.0547999280107418
2.79814831000772	1.0370485706288508
2.80094785809177	1.0006334330557394
2.8037474061758196	1.0001940961272018
2.8065469542598693	1.0339607399603783
2.809346502343919	1.0644874070898735
2.8121460504279687	1.032944809914883
2.8149455985120184	1.0015255248323023
2.817745146596068	1.0766611204203915
2.820544694680118	1.1407205480751592
2.8233442427641675	1.1015862767304003
2.826143790848217	1.133138402729178
2.828943338932267	1.0451995991734486
2.831742887016317	1.0996434426838362
2.8345424351003667	1.1142393194681177
2.8373419831844164	1.1379030422708751
2.840141531268466	1.0946677632621933
2.842941079352516	1.0940281806455
2.8457406274365655	1.0782660487712845
2.8485401755206152	1.1485951761052493
2.851339723604665	1.1252517634632506
2.854139271688715	1.1350726480104283
2.8569388197727648	1.165859371180428
2.8597383678568145	1.1411149539272376
2.862537915940864	1.1433678312792153
2.865337464024914	1.1008593496345922
2.8681370121089635	1.118065325727991
2.8709365601930132	1.164919461634367
2.873736108277063	1.183412498052581
2.8765356563611126	1.0952650419511858
2.8793352044451623	1.1330209485196763
2.8821347525292125	1.129346565759705
2.884934300613262	1.1403991322256577
2.887733848697312	1.157281260618522
2.8905333967813616	1.1872879668175496
2.8933329448654113	1.1323251847702849
2.896132492949461	1.083413102269658
2.8989320410335107	1.1935341877794443
2.9017315891175604	1.1723238412963106
2.9045311372016105	1.1540963997686444
2.90733068528566	1.1199990662313866
2.91013023336971	1.0961535299916711
2.9129297814537596	1.1070375787487903
2.9157293295378093	1.1610947512916363
2.918528877621859	1.2264449873744188
2.9213284257059087	1.1824791005133328
2.9241279737899584	1.1902420899633337
2.926927521874008	1.1650932959413158
2.9297270699580578	1.1700018702265822
2.9325266180421075	1.197675323275393
2.9353261661261576	1.1328505526059416
2.9381257142102073	1.1803467527125187
2.940925262294257	1.185180544612094
2.9437248103783067	1.1716209957365806
2.9465243584623564	1.1045076350717529
2.949323906546406	1.0883324625069495
2.952123454630456	1.1270219371871826
2.9549230027145055	1.1866019487376922
2.9577225507985556	1.1493580022531096
2.9605220988826053	1.2226396352383175
2.963321646966655	1.1784906843893643
2.9661211950507047	1.1247619303174508
2.9689207431347544	1.1226417388058134
2.971720291218804	1.1468765751398693
2.974519839302854	1.150255493935774
2.9773193873869035	1.2130276416886696
2.980118935470953	1.1707590638888583
2.982918483555003	1.233253258573698
2.985718031639053	1.21033434999301
2.9885175797231027	1.1463617327956834
2.9913171278071524	1.2427620012920184
2.994116675891202	1.1448105187238444
2.996916223975252	1.129036972350343
2.9997157720593015	1.1582341873861972
3.002515320143351	1.228075307584079
3.005314868227401	1.2244324290015483
3.008114416311451	1.159896272838404
3.0109139643955007	1.1361255771007792
3.0137135124795504	1.240540449981606
3.0165130605636	1.1790187704745463
3.01931260864765	1.12444011260124
3.0221121567316995	1.1196759581097364
3.0249117048157492	1.1724807866626414
3.027711252899799	1.1689775656244383
3.0305108009838486	1.1601512536303609
3.0333103490678983	1.1220724889979043
3.0361098971519485	1.1479046125312753
3.038909445235998	1.0953970398965978
3.041708993320048	1.1701565690420817
3.0445085414040975	1.2274628424648688
3.0473080894881472	1.1183819698714978
3.050107637572197	1.1545062695115584
3.0529071856562466	1.0788050948700785
3.0557067337402963	1.2145479860341142
3.058506281824346	1.191378264818816
3.061305829908396	1.139541331757663
3.064105377992446	1.137459978306195
3.0669049260764956	1.1536129693593498
3.0697044741605453	1.198297962558804
3.072504022244595	1.018384476990001
3.0753035703286447	1.170629542462908
3.0781031184126944	1.0922383309915842
3.080902666496744	1.1483151244551852
3.0837022145807937	1.1500947687715486
3.0865017626648434	1.1531516346240245
3.0893013107488936	1.0304384188191287
3.0921008588329433	1.1515410483221793
3.094900406916993	1.1596874721200228
3.0976999550010427	1.1065408041838618
3.1004995030850924	1.0688719089167287
3.103299051169142	1.0961930479231696
3.1060985992531918	1.1322997562150516
3.1088981473372415	1.0440979872391447
3.1116976954212916	1.0915484928343793
3.1144972435053413	1.1161007460510866
3.117296791589391	1.0863705797461136
3.1200963396734407	1.132227076728929
3.1228958877574904	1.0711765455619453
3.12569543584154	1.019117510513727
3.12849498392559	1.0873663419335027
3.1312945320096395	0.9967404597503506
3.134094080093689	1.0348587346276594
3.136893628177739	1.0877745258628095
3.139693176261789	1.098259281884625
3.1424927243458387	1.1062246414658945
3.1452922724298884	1.0720694287654018
3.148091820513938	1.1134149408580414
3.150891368597988	1.121305772593666
3.1536909166820375	1.1230099900319925
3.156490464766087	1.071851345190844
3.159290012850137	1.0220991994523339
3.1620895609341866	1.0901059490588105
3.1648891090182367	1.0245993096424013
3.1676886571022864	1.0179070159454873
3.170488205186336	1.0806831306126627
3.173287753270386	1.0714799118652767
3.1760873013544355	1.067163710715055
3.178886849438485	1.0580133325549879
3.181686397522535	1.022277972097187
3.1844859456065846	1.073618840903307
3.1872854936906343	1.0018117657230554
3.190085041774684	1.0096816789452736
3.192884589858734	1.0415489666959603
3.195684137942784	1.012142797946325
3.1984836860268335	0.9720638354777406
3.2012832341108832	0.9464638220443735
3.204082782194933	1.0044577450531726
3.2068823302789826	0.9907961574786964
3.2096818783630323	0.9938236644526007
3.212481426447082	1.0300670883108956
3.215280974531132	1.019981575493512
3.218080522615182	0.9531653915467692
3.2208800706992315	0.9916472564676255
3.2236796187832812	0.9604635742504238
3.226479166867331	1.022325239776791
3.2292787149513806	0.9453918573828176
3.2320782630354303	0.9718916051487563
3.23487781111948	1.035749055488422
3.2376773592035297	1.0386319107854058
3.2404769072875794	1.0263414003223321
3.2432764553716296	1.0210774664667346
3.2460760034556793	1.051860746412726
3.248875551539729	1.000156936569746
3.2516750996237787	0.9833778845886941
3.2544746477078283	0.9990310688327876
3.257274195791878	1.030789198237638
3.2600737438759277	0.963337501132505
3.2628732919599774	0.9214231846953819
3.2656728400440276	0.9956364475948718
3.2684723881280773	0.9824675588886111
3.271271936212127	0.9395867832641612
3.2740714842961767	0.9848225607437593
3.2768710323802264	0.9774378700540823
3.279670580464276	0.9962644711524172
3.2824701285483258	1.0070689239658066
3.2852696766323755	0.9452136597880887
3.288069224716425	1.0410237673559075
3.290868772800475	1.0064586007476433
3.2936683208845245	0.9889433602610672
3.2964678689685747	1.0244558045305112
3.2992674170526244	1.0182175573395047
3.302066965136674	0.9378680928300539
3.304866513220724	0.9598269897147896
3.3076660613047735	0.9055913085816009
3.310465609388823	0.9577004669965624
3.313265157472873	0.9594295774695241
3.3160647055569226	0.9277394993344208
3.3188642536409727	0.959530657676574
3.3216638017250224	0.9379342609654128
3.324463349809072	0.9352471347124419
3.327262897893122	0.9104427448201967
3.3300624459771715	0.9332091591306154
3.332861994061221	0.9415648724516551
3.335661542145271	0.9454884914345228
3.3384610902293206	0.9373103923661555
3.3412606383133703	0.9028303811343971
3.34406018639742	0.8410853886418883
3.34685973448147	0.9271454428795058
3.34965928256552	0.9386943892933993
3.3524588306495695	0.9894320659902734
3.355258378733619	0.961672871821771
3.358057926817669	0.9068535296394339
3.3608574749017186	0.9725664661326459
3.3636570229857683	0.9276506400107083
3.366456571069818	0.903414973215854
3.369256119153868	0.9137815774505752
3.372055667237918	0.9025714398603566
3.3748552153219675	0.8774187410489654
3.3776547634060172	0.9253452296868849
3.380454311490067	0.9259566196121224
3.3832538595741166	0.9019561877434331
3.3860534076581663	0.9314422140318155
3.388852955742216	0.8861813654870332
3.3916525038262657	0.8581029246537238
3.3944520519103154	0.9023922837384971
3.397251599994365	0.8223814745054794
3.4000511480784152	0.8888287626034138
3.402850696162465	0.8767903911191876
3.4056502442465146	0.9355363636042338
3.4084497923305643	0.885508070805305
3.411249340414614	0.849324486612852
3.4140488884986637	0.9445985184375676
3.4168484365827134	0.8853562486593127
3.419647984666763	0.9100893066756015
3.4224475327508133	0.8657326146381571
3.425247080834863	0.8893707153856621
3.4280466289189127	0.9025088949701062
3.4308461770029623	0.8916724914028735
3.433645725087012	0.8756764041967229
3.4364452731710617	0.9312890852387892
3.4392448212551114	0.8365891295034096
3.442044369339161	0.9551379106223468
3.444843917423211	0.9236575346609556
3.4476434655072605	0.8860960426917173
3.4504430135913107	0.9186049495893364
3.4532425616753604	0.8955490045161205
3.45604210975941	0.8602624181587792
3.4588416578434598	0.9100545801915895
3.4616412059275095	0.8871205956737881
3.464440754011559	0.823444433108643
3.467240302095609	0.9097260175574099
3.4700398501796585	0.9214808492383009
3.4728393982637087	0.9047640694158456
3.4756389463477584	0.9154728752542894
3.478438494431808	0.8623786150173391
3.4812380425158578	0.8882771171635363
3.4840375905999075	0.8918948202390906
3.486837138683957	0.874346226538765
3.489636686768007	0.9594337414446943
3.4924362348520566	0.8986552285037351
3.4952357829361063	0.9032310866490308
3.498035331020156	0.8567466649715467
3.5008348791042057	0.8773609538118359
3.503634427188256	0.9078850470689358
3.5064339752723055	0.8725690730638941
3.509233523356355	0.9159296806734032
3.512033071440405	0.9631226179439226
3.5148326195244546	0.8921959640965238
3.5176321676085043	0.8769198786278417
3.520431715692554	0.8883720439891323
3.5232312637766037	0.9195188819019087
3.526030811860654	0.9170742862299662
3.5288303599447035	0.851693575303416
3.531629908028753	0.8876568319066629
3.534429456112803	0.8715457042734484
3.5372290041968526	0.8584208946375765
3.5400285522809023	0.9186315681541571
3.542828100364952	0.9532821128458709
3.5456276484490017	0.8796877442835277
3.5484271965330514	0.8734369895615663
3.551226744617101	0.8943960376983108
3.5540262927011512	0.8832916929494691
3.556825840785201	0.8925504264580465
3.5596253888692506	0.9066116363863126
3.5624249369533003	0.8984321376188085
3.56522448503735	0.8844961813380239
3.5680240331213997	0.941790253990383
3.5708235812054494	0.8970923021600856
3.573623129289499	0.9695287613359097
3.5764226773735492	0.9306698122410668
3.579222225457599	0.928258521996427
3.5820217735416486	0.9773959971076164
3.5848213216256983	0.8910531814536629
3.587620869709748	0.8458935624994978
3.5904204177937977	0.8996765720175518
3.5932199658778474	0.8802527898897748
3.596019513961897	0.8769886030626761
3.598819062045947	0.9002102767176191
3.6016186101299965	0.9120291627838397
3.6044181582140467	0.8870463804991504
3.6072177062980963	0.9327300932109487
3.610017254382146	0.923766066929763
3.6128168024661957	0.9364092687388811
3.6156163505502454	0.925591385218526
3.618415898634295	0.8699074001540824
3.621215446718345	0.9544852248552477
3.6240149948023945	0.9530111166931089
3.6268145428864442	0.9431609063483837
3.6296140909704944	0.9482138837953418
3.632413639054544	1.040499941252668
3.6352131871385938	0.9434416619467474
3.6380127352226435	0.928110200553202
3.640812283306693	0.9710311981653799
3.643611831390743	0.9169575275752802
3.6464113794747925	0.9422612913411001
3.6492109275588422	0.917824509661593
3.652010475642892	0.9347829701584075
3.6548100237269416	0.9608568952860709
3.6576095718109918	0.9484012289066244
3.6604091198950415	0.9515213015981355
3.663208667979091	0.9528054344729886
3.666008216063141	0.9167230599522941
3.6688077641471906	0.9417106459924803
3.6716073122312403	0.9729803330275464
3.67440686031529	0.9642415048290031
3.6772064083993397	0.9781709981120489
3.68000595648339	0.9748746131027773
3.6828055045674395	0.9598486109578918
3.685605052651489	1.0097816559287762
3.688404600735539	0.9983469132650862
3.6912041488195886	0.9545868109447322
3.6940036969036383	1.0007077413739625
3.696803244987688	1.0045694871167659
3.6996027930717377	0.9538367496066921
3.7024023411557874	0.9872385327184302
3.705201889239837	1.0125096045265312
3.708001437323887	0.9762427243368811
3.710800985407937	0.9881110958626964
3.7136005334919866	1.0292481824035227
3.7164000815760363	0.9922296680229767
3.719199629660086	0.9925072242106748
3.7219991777441357	1.0281446331944701
3.7247987258281854	1.0592602368955268
3.727598273912235	1.035634969767629
3.730397821996285	0.9724762959188173
3.733197370080335	1.0131982916600233
3.7359969181643846	1.0230870224927584
3.7387964662484343	1.0566002394410547
3.741596014332484	1.0410227414766804
3.7443955624165337	1.0508221720302309
3.7471951105005834	1.0300642826783135
3.749994658584633	1.0712007235493484
3.752794206668683	1.0191665396758183
3.7555937547527325	1.043696664457624
3.758393302836782	1.0230682347241764
3.7611928509208323	1.0605030675808038
3.763992399004882	1.0762147012149967
3.7667919470889317	1.0582158154906434
3.7695914951729814	1.036821737560401
3.772391043257031	1.0679856462879438
3.775190591341081	1.100774626425708
3.7779901394251305	1.099143849499923
3.78078968750918	1.0966599282704732
3.7835892355932303	1.0462742551893598
3.78638878367728	1.0250802843084403
3.7891883317613297	1.099480621733841
3.7919878798453794	1.0578272717795696
3.794787427929429	1.063921163940727
3.797586976013479	1.0453690527510175
3.8003865240975285	1.0624844357015901
3.8031860721815782	1.0930955822895676
3.805985620265628	1.0728879822134465
3.8087851683496776	1.0645576293786043
3.8115847164337278	1.0419199695563366
3.8143842645177775	1.0589093953864717
3.817183812601827	1.0657618041392745
3.819983360685877	1.0608431500856408
3.8227829087699265	1.085269360288902
3.8255824568539762	1.0702924331190806
3.828382004938026	1.0378106149698998
3.8311815530220756	1.086356990695313
3.8339811011061258	1.0372810907158112
3.8367806491901755	1.0640539479820779
3.839580197274225	1.1065315051948608
3.842379745358275	1.0078659066350248
3.8451792934423246	1.0097121004260161
3.8479788415263743	1.0876457001877988
3.850778389610424	1.037336436525174
3.8535779376944737	1.091085026051753
3.8563774857785234	1.073031283130982
3.859177033862573	1.0928551998108051
3.8619765819466227	1.1019459400655367
3.864776130030673	1.1183885994660927
3.8675756781147226	1.0832014898857136
3.8703752261987723	1.0865404125805822
3.873174774282822	1.0817047439936391
3.8759743223668717	1.0809579178037367
3.8787738704509214	1.085910299936174
3.881573418534971	1.107917165481375
3.8843729666190208	1.043009651634624
3.887172514703071	1.0909490662550938
3.8899720627871206	1.116087764804392
3.8927716108711703	1.1088257635811285
3.89557115895522	1.1015834773526971
3.8983707070392697	1.0742142891131534
3.9011702551233194	1.0622119144607958
3.903969803207369	1.124973213908581
3.906769351291419	1.035097386481756
3.9095688993754685	1.0937094251730006
3.912368447459518	1.0841436877247648
3.9151679955435683	1.1321294616953896
3.917967543627618	1.0587082583212841
3.9207670917116677	1.084284082774061
3.9235666397957174	1.0723952249947073
3.926366187879767	1.1304473595986453
3.929165735963817	1.067754497858069
3.9319652840478665	1.074948218304033
3.934764832131916	1.0781652735503873
3.9375643802159663	1.0711034057026028
3.940363928300016	1.0506512982350638
3.9431634763840657	1.1035083313270806
3.9459630244681154	1.0799199409219562
3.948762572552165	1.0752475234171106
3.951562120636215	1.107449969596741
3.9543616687202645	1.0761207448766592
3.957161216804314	1.0558283686161207
3.959960764888364	1.0926045249593817
3.9627603129724136	1.0684445882242968
3.9655598610564633	1.024882117552365
3.9683594091405134	1.0848738885400147
3.971158957224563	1.0336429793609223
3.973958505308613	1.0151261998836856
3.9767580533926625	1.1097237947923917
3.9795576014767122	1.0346979042538678
3.982357149560762	1.0556383240340244
3.9851566976448116	1.1019666975528024
3.9879562457288613	1.048055791459295
3.9907557938129115	1.0419719697083325
3.993555341896961	1.0812105806072503
3.996354889981011	1.071261153131897
3.9991544380650605	1.0689960810519146
4.00195398614911	1.101147144634659
4.00475353423316	1.0728815680607005
4.0075530823172105	1.0500317227800156
4.010352630401259	1.0721722876528907
4.01315217848531	1.0493850583078708
4.015951726569359	1.0395694955298505
4.018751274653409	1.0555626773711198
4.021550822737458	1.0571225621437628
4.024350370821509	1.1237101072482303
4.0271499189055575	1.0632468551346232
4.029949466989608	1.0836389685048762
4.032749015073657	1.040717128351672
4.0355485631577075	1.0565698542133404
4.038348111241756	1.0806382480223347
4.041147659325807	1.0101484549085662
4.043947207409856	1.0334635854343326
4.046746755493906	1.0357734297062247
4.049546303577955	0.9947605036348561
4.052345851662006	1.0351505233163218
4.055145399746055	1.073193828251174
4.057944947830105	1.1222871365407896
4.060744495914156	1.0813769133930036
4.0635440439982045	1.0591203480989555
4.066343592082255	1.025073468006001
4.069143140166304	0.9748471422238011
4.071942688250354	1.0296426115555695
4.074742236334403	1.0636335450361514
4.077541784418454	1.0312364203356286
4.080341332502503	1.036442113325622
4.083140880586553	1.057058717037564
4.085940428670602	1.0460742503520208
4.088739976754653	1.0036184337798602
4.091539524838701	1.059307647227953
4.094339072922752	1.012564426895348
4.097138621006801	1.037445587630953
4.099938169090851	0.9945006800551753
4.1027377171749	1.049167429801437
4.105537265258951	1.0077748399477193
4.108336813343001	1.020913772768987
4.11113636142705	1.041986685334138
4.113935909511101	0.9841264691008478
4.11673545759515	1.032650492110442
4.1195350056792	1.0160926437412976
4.122334553763249	1.0183164048462687
4.1251341018473	1.0046998171427626
4.127933649931348	1.005493681954302
4.130733198015399	1.0393009386846874
4.133532746099448	1.0221245234644853
4.136332294183498	1.0450788581006474
4.139131842267547	1.0608217821280195
4.141931390351598	0.9672985609052996
4.1447309384356466	1.0130443061718721
4.147530486519697	1.0074054910013477
4.150330034603746	0.9825843088026613
4.1531295826877965	1.008951202203774
4.155929130771845	1.0189375092089177
4.158728678855896	1.0140255345464269
4.1615282269399465	1.0077115187903374
4.164327775023995	1.0402554113723996
4.167127323108046	0.9436471250440992
4.169926871192095	1.0114038685875302
4.172726419276145	0.9903526767697081
4.175525967360194	1.0058835093009622
4.178325515444245	0.9540286444889058
4.1811250635282935	0.9625592339077329
4.183924611612344	0.9913549906952153
4.186724159696393	0.9634798075826957
4.1895237077804435	1.0235942964575344
4.192323255864492	1.0326799079009952
4.195122803948543	1.0591374968582261
4.197922352032592	0.9847547763253378
