0 1979.21 -5691.69
5.005 956.794 -4716.94
10 898.122 -4683.95
15 877.463 -4692.12
20 872.152 -4711.01
25.005 859.709 -4729.31
30.005 870.907 -4783.18
35.005 828.42 -4762.17
40 809.822 -4770.58
45 803.083 -4785.38
50 781.681 -4783.62
55 793.004 -4810.28
60 783.435 -4829.99
65 732.627 -4800.35
70 742.975 -4830.85
75 734.62 -4825.32
80.005 726.717 -4834.43
85.005 705.549 -4834.02
90.005 730.371 -4873.1
95.005 683.031 -4863.96
100.005 667.786 -4884.41
105.005 661.67 -4876.68
110.005 651.864 -4883.01
115.005 670.921 -4904.18
120.005 647.92 -4894.42
125.005 655.629 -4922.39
130.005 627.563 -4895.23
135.005 634.155 -4920.37
140.005 604.37 -4912.87
145.005 611.436 -4924.5
150.005 614.394 -4940.92
155.005 625.089 -4952.71
160.005 600.796 -4931.52
165.005 618.999 -4953.35
170.005 597.803 -4936.18
175.005 618.613 -4954.97
180.005 628.605 -4978.15
185.005 560.789 -4936.36
190.005 581.12 -4962.68
195.005 573.948 -4959.23
200.005 593.55 -4979.58
205.005 586.523 -4976.26
210.005 592.73 -4996.07
215.005 601.417 -5003.59
220.005 579.536 -4984.29
225.005 556.788 -4949.69
230.005 576.271 -4972.2
235.005 558.846 -4957.5
240.005 564.696 -4966.02
245.005 550.309 -4953.63
250.005 591.499 -5000.43
255.005 598.808 -4995.88
260.005 583.359 -4979.27
265.005 561.856 -4954.57
270.005 585.873 -5000.58
275.005 594.705 -5013.3
280.005 563.067 -4987.15
285.005 539.152 -4964.9
290.005 545.889 -4980.28
295.005 547.749 -4978.05
300.005 554.298 -4992.7
305.005 551.739 -4986.14
310.005 547.896 -4979.57
315.005 583.374 -5000.28
320.005 533.372 -4961.18
325.005 567.923 -4993.75
330.005 541.744 -4970.96
335.005 555.545 -5003.56
340.005 532.215 -4979.66
345.005 545.241 -5001
350.005 539.994 -4993.33
355.005 543.594 -5006.14
360.005 521.077 -4980.3
365.005 542.986 -5000.84
370.005 550.803 -5010.47
375.005 545.592 -5008.28
380.005 516.701 -5005.41
385.005 528.243 -5013.93
390.005 517.969 -5004.66
395.005 545.907 -5029.57
400.005 535.669 -5021.31
405.005 543.417 -5035.82
410.005 537.992 -5029.34
415.005 528.032 -5018.08
420.005 503.488 -4997.73
425.005 562.355 -5054.44
430.005 536.946 -5027.91
435.005 511.359 -5005.52
440.005 546.41 -5038.46
445.005 500.992 -4991.49
450.005 528.727 -5022.72
455.005 544.797 -5017.4
460.005 507.082 -4991.17
465.005 526.17 -5004.41
470.005 518.308 -4993.43
475.005 513.368 -4984.58
480.005 551.302 -5013.59
485.005 537.594 -5009.28
490.005 529.754 -5004.13
495.005 545.694 -5022.51
500.005 521.141 -4993.45
505.005 533.603 -5013.6
510.005 515.821 -5009.6
515.005 497.421 -4991.18
520.005 513.27 -5015.21
525.005 515.05 -5015.83
530.005 543.004 -5043.17
535.005 544.995 -5023.7
540.005 545.16 -5028.76
545.005 507.316 -4997.14
550.005 523.43 -5015.85
