0 2.63895
5.005 1.27573
10 1.1975
15 1.16995
20 1.16287
25.005 1.14628
30.005 1.16121
35.005 1.10456
40 1.07976
45 1.07078
50 1.04224
55 1.05734
60 1.04458
65 0.976836
70 0.990633
75 0.979493
80.005 0.968956
85.005 0.940733
90.005 0.973828
95.005 0.910708
100.005 0.890381
105.005 0.882226
110.005 0.869152
115.005 0.894561
120.005 0.863894
125.005 0.874173
130.005 0.836751
135.005 0.84554
140.005 0.805827
145.005 0.815248
150.005 0.819192
155.005 0.833453
160.005 0.801061
165.005 0.825332
170.005 0.797071
175.005 0.824818
180.005 0.83814
185.005 0.747719
190.005 0.774827
195.005 0.765264
200.005 0.7914
205.005 0.782031
210.005 0.790306
215.005 0.80189
220.005 0.772714
225.005 0.742384
230.005 0.768361
235.005 0.745127
240.005 0.752928
245.005 0.733746
250.005 0.788665
255.005 0.798411
260.005 0.777812
265.005 0.749141
270.005 0.781164
275.005 0.79294
280.005 0.750756
285.005 0.718869
290.005 0.727852
295.005 0.730332
300.005 0.739065
305.005 0.735651
310.005 0.730527
315.005 0.777832
320.005 0.711163
325.005 0.757231
330.005 0.722325
335.005 0.740727
340.005 0.70962
345.005 0.726988
350.005 0.719991
355.005 0.724792
360.005 0.694769
365.005 0.723982
370.005 0.734404
375.005 0.727456
380.005 0.688935
385.005 0.704325
390.005 0.690625
395.005 0.727876
400.005 0.714225
405.005 0.724556
410.005 0.717323
415.005 0.704042
420.005 0.671317
425.005 0.749806
430.005 0.715928
435.005 0.681812
440.005 0.728547
445.005 0.667989
450.005 0.704969
455.005 0.726396
460.005 0.676109
465.005 0.70156
470.005 0.691077
475.005 0.68449
480.005 0.735069
485.005 0.716792
490.005 0.706338
495.005 0.727591
500.005 0.694854
505.005 0.711471
510.005 0.687762
515.005 0.663228
520.005 0.684361
525.005 0.686733
530.005 0.724006
535.005 0.72666
540.005 0.72688
545.005 0.676421
550.005 0.697907
